#Position (bp)	insert size
489278.5	81486.74608355091
1467834.5	44185.850615530304
2446390.5	2829.14659823661
3424946.5	11092.157707509881
4403502.5	4735.351076139783
5382058.5	8386.638627024413
6360614.5	1620.8267972058743
7339170.5	3231.184523809524
8317726.5	7383.328085642317
9296282.5	8618.309271054493
1.02748385E7	2720.854884951849
1.12533945E7	1311.473705694265
1.22319505E7	1636.2297559085625
1.32105065E7	2404.6971683272154
1.41890625E7	2906.001117179742
1.51676185E7	2328.413576535044
1.61461745E7	3857.5758873929008
1.71247305E7	1191.1315705054765
1.81032865E7	1930.9349820039474
1.90818425E7	3066.1768325791854
2.00603985E7	1579.5399166073425
2.10389545E7	995.3091258545605
2.20175105E7	2778.876314520019
2.29960665E7	1979.6440779014308
2.39746225E7	1144.399406175772
2.49531785E7	1581.8920400632578
2.59317345E7	1593.916175507531
2.69102905E7	5761.238781835332
2.78888465E7	2825.703868103995
2.88674025E7	2162.8807906741004
2.98459585E7	2124.6930478384606
3.08245145E7	2187.2990534065675
3.18030705E7	2935.591009813232
3.27816265E7	1561.0197040616035
3.37601825E7	2147.623785255294
3.47387385E7	7807.916677820907
3.57172945E7	8925.687622468975
3.66958505E7	3284.691691342972
3.76744065E7	3143.041941096061
3.86529625E7	2425.89348778076
3.96315185E7	3084.6770220187486
4.06100745E7	3474.546235852158
4.15886305E7	2299.2907601740467
4.25671865E7	3494.5311185202827
4.35457425E7	2807.2586126357587
4.45242985E7	4067.5344104762353
4.55028545E7	1614.9562434162547
4.64814105E7	2555.323438245112
4.74599665E7	1524.545943255351
4.84385225E7	2319.5428832951943
4.94170785E7	1110.4293400769418
5.03956345E7	1326.0961670874456
5.13741905E7	1217.625219013169
5.23527465E7	2654.801754385965
5.33313025E7	2166.5754002410054
5.43098585E7	1831.4758536057172
5.52884145E7	2544.7553702299724
5.62669705E7	2434.9291695743195
5.72455265E7	3063.419770773639
5.82240825E7	2433.7798800184587
5.92026385E7	3600.075801366264
6.01811945E7	1763.2028004207205
6.11597505E7	2102.4563133640554
6.21383065E7	8744.783996922484
6.31168625E7	4874.4507110851355
6.40954185E7	4508.816531114054
6.50739745E7	20701.109060972085
6.60525305E7	3538.479530974651
6.70310865E7	5290.846655231561
6.80096425E7	3365.438945024833
6.89881985E7	1334.5310719834283
6.99667545E7	2864.70800029332
7.09453105E7	618.5888010705474
7.19238665E7	3045.780624694973
7.29024225E7	2159.795719035744
7.38809785E7	1604.9241359733162
7.48595345E7	3702.5359286723165
7.58380905E7	4210.200890309326
7.68166465E7	4468.080714214596
7.77952025E7	4385.119498688429
7.87737585E7	3895.077191000659
7.97523145E7	2998.8194543297745
8.07308705E7	4500.441001855287
8.17094265E7	7582.866015971606
8.26879825E7	3158.2427528451794
8.36665385E7	3206.202315661182
8.46450945E7	5324.926397042836
8.56236505E7	2066.9190067300997
8.66022065E7	5045.964113680154
8.75377665E7	3279.5107338176476
8.80270445E7	4065.044359949303
8.85593185E7	5187.000974658869
8.95378745E7	21719.796662629524
9.05164305E7	2040.9316568047336
9.14949865E7	3304.775074041463
9.24735425E7	1364.3475284565789
9.34520985E7	3246.4936078366263
9.44306545E7	1356.9461190067157
9.54092105E7	7576.348046106269
9.63877665E7	4704.878678244091
9.73663225E7	2412.77784249767
9.83448785E7	3906.5639636330243
9.93234345E7	3499.16796875
1.003019905E8	4820.519137703475
1.012805465E8	1842.4399042298483
1.022591025E8	1472.2810962382944
1.032376585E8	3608.647199916571
1.042162145E8	3860.163888888889
1.051947705E8	4927.077525158405
1.061733265E8	1133.0454001436208
1.071518825E8	2059.8358018114013
1.081304385E8	1466.741096396349
1.091089945E8	1860.0581665891111
1.100875505E8	860.2158491051886
1.110661065E8	2270.661452065784
1.120446625E8	1617.431490521058
1.130232185E8	3915.0751667521804
1.140017745E8	1360.9250930398289
1.149803305E8	1519.2409257175013
1.159588865E8	3327.801037599615
1.169374425E8	1112.8328634317654
1.179159985E8	12439.461121990555
1.188945545E8	3052.4827720839435
1.198731105E8	8652.961590790163
1.208516665E8	2159.1561931703372
1.218302225E8	2471.8580553985303
1.228087785E8	2582.502095668951
1.237873345E8	3591.8608403169715
1.247658905E8	9918.727690288713
1.257444465E8	2558.105275282193
1.267230025E8	4284.335648148148
1.277015585E8	1879.9730168644596
1.286801145E8	1111.3284866213542
1.296586705E8	990.5689584360111
1.306372265E8	1511.963139120095
1.316157825E8	1525.0202768929184
1.325943385E8	2191.9494860174646
1.335728945E8	1781.651405451448
1.345514505E8	1514.865670684791
1.355300065E8	4699.3916357436565
1.365085625E8	2188.1739795918365
1.374871185E8	3065.505209883894
1.384656745E8	2494.090573012939
1.394442305E8	2109.556919170546
1.404227865E8	1703.1846774193548
1.414013425E8	1943.0365005793742
1.423798985E8	3483.538914226865
1.433584545E8	2848.140359703182
1.443370105E8	2071.861772841749
1.453155665E8	1582.441976584022
1.462941225E8	2468.3718489202442
1.472726785E8	2519.357583669594
1.482512345E8	2560.9963615023476
1.492297905E8	2809.5969977734685
1.502083465E8	1572.3637467944393
1.511869025E8	3250.7629250116443
1.521654585E8	2337.0015625
1.531440145E8	3062.77101002313
1.541225705E8	2872.5165957446807
1.551011265E8	7053.420241004466
1.560796825E8	3371.8489162498395
1.570582385E8	3156.2454196379595
1.580367945E8	3093.080570098895
1.590153505E8	2230.3884165333784
1.599939065E8	2180.3542359866906
1.609724625E8	4982.411641443539
1.619510185E8	5798.42922028766
1.629295745E8	2469.1386924271173
1.639081305E8	2238.352335164835
1.648866865E8	1958.1842769015711
1.658652425E8	1858.9113262640233
1.668437985E8	7039.793977444483
1.678223545E8	2678.2708365910867
1.688009105E8	6575.760068715404
1.697794665E8	8420.601317170946
1.707580225E8	50993.58980774295
1.717365785E8	58096.992510302814
1.727151345E8	8777.231533114353
1.736936905E8	3351.8500774056874
1.744297225E8	12234.85606060606
1.749190005E8	133092.0390194535
1.756508025E8	44884.15006579149
1.766293585E8	58091.423904052936
1.776079145E8	13824.17685088634
1.785864705E8	9018.511971268954
1.795650265E8	2802.2712778652917
1.805435825E8	15948.896396845992
1.815221385E8	2909.374038222884
1.825006945E8	5660.585525014831
1.834792505E8	3525.616861162613
1.844578065E8	1355.045399315144
1.854363625E8	48338.88782816229
1.864149185E8	2332.704330994435
1.873934745E8	2586.7016796189523
1.883720305E8	9675.63220138537
1.893505865E8	4390.051240612225
1.903291425E8	2028.2793382230373
1.913076985E8	2354.6958762886597
1.922862545E8	1287.1418628824513
1.932648105E8	2253.484413159029
1.942433665E8	1789.4507990752838
1.952219225E8	1756.7359170024865
1.962004785E8	2738.7603662294214
1.971790345E8	1400.9335453632407
1.981575905E8	1332.9437782583054
1.991361465E8	2597.632852096452
2.001147025E8	4459.793894830659
2.010932585E8	3085.040862290862
2.020718145E8	9148.729367927132
2.030503705E8	2426.1351497459186
2.040289265E8	1129.7552101730837
2.050074825E8	12259.813152147537
2.059860385E8	6625.946879535559
2.069645945E8	1775.6466327631376
2.079431505E8	1115.5313342318059
2.089217065E8	2435.4794094794097
2.099002625E8	16981.94414722876
2.108788185E8	4015.013349038084
2.118573745E8	2289.5774735964424
2.128359305E8	4441.151124144672
2.138144865E8	2688.0293655589126
2.147930425E8	2607.6376940133036
2.157715985E8	1546.3326622374336
2.167501545E8	2800.4775713638423
2.177287105E8	3253.892670571474
2.187072665E8	1933.9184579675043
2.196858225E8	1602.8945647731916
2.206643785E8	18185.260470588237
2.216429345E8	3280.9744536326048
2.226214905E8	2542.8659356207995
2.236000465E8	1822.6457628668068
2.242797555E8	5964.7417952619
2.247690335E8	26948.242215302493
2.255571585E8	2233.1217938110212
2.265357145E8	1323.3876662444586
2.275142705E8	122732.96518245731
2.284928265E8	3772.868593955322
2.294713825E8	1495.710919641287
2.304499385E8	4767.819563318777
2.314284945E8	3817.6615384615384
2.324070505E8	1663.472145040289
2.333856065E8	2848.0580454848227
2.343641625E8	5225.209812585707
2.353427185E8	1733.126823607427
2.363212745E8	3142.2790307101727
2.372998305E8	1089.9734367774752
2.382783865E8	2148.7206692079626
2.392569425E8	2326.9461334678945
2.402354985E8	1809.8100177080698
2.412140545E8	2544.870726179919
2.421926105E8	2115.6489517959676
2.431711665E8	29594.166447492014
2.441497225E8	2341.7585787624967
2.451282785E8	1977.2333033505734
2.461068345E8	1331.3690079893474
2.470853905E8	1263.6859397648575
2.480639465E8	2401.8674759736973
2.490425025E8	2401.9804391217563
2.500210585E8	3267.2758834951455
2.509996145E8	1502.9377435604981
2.519781705E8	2504.384324009324
2.529567265E8	2989.8261852562346
2.539352825E8	2527.7149398969664
2.549138385E8	5848.975898854208
2.558923945E8	2021.1484287317621
2.568709505E8	2946.6050698545296
2.578495065E8	2409.9115565159077
2.588280625E8	2639.515580736544
2.598066185E8	1427.7213592869314
2.607851745E8	1250.2225951419307
2.617637305E8	2751.609511162752
2.627422865E8	1699.504633781764
2.637208425E8	1968.910140562249
2.646993985E8	3035.792512026773
2.656779545E8	2111.0587487283824
2.666565105E8	4029.033396687483
2.676350665E8	11124.761122661122
2.686136225E8	2655.3396699797354
2.695921785E8	1460.4752170842162
2.70511608E8	2936.3771414821945
2.71000886E8	22928.636363636364
2.715492905E8	21758.278840646122
2.725278465E8	88961.58903872753
2.735064025E8	8157.283974286681
2.744849585E8	1778.145536816125
2.754635145E8	5965.876104630612
2.764420705E8	11235.926425448795
2.774206265E8	1374.7910760309278
2.783991825E8	2731.7623197115386
2.793777385E8	1452.9872254594352
2.803562945E8	1599.7893873726134
2.813348505E8	1791.988620353311
2.823134065E8	3147.5740674955596
2.832919625E8	1610.8421895006402
2.842705185E8	2660.9297928541637
2.852490745E8	4254.372364629152
2.862276305E8	2589.2137820116295
2.872061865E8	2882.984713875098
2.881847425E8	7128.337062256809
2.891632985E8	3457.0762728523687
2.901418545E8	2084.41336957616
2.911204105E8	1379.6275296872386
2.920989665E8	2665.4027875545544
2.930775225E8	2522.752128356254
2.940560785E8	1245.2713162393163
2.950346345E8	3249.62416538264
2.960131905E8	5102.107305550869
2.969917465E8	1893.5325077399382
2.979703025E8	2194.0761904761903
2.989488585E8	2916.1719982785826
2.999274145E8	1612.1839817585862
3.009059705E8	1325.0765443862156
3.018845265E8	2502.9191114836544
3.028630825E8	3425.6285496681535
3.038416385E8	2107.9446844085273
3.048201945E8	1863.4451764705882
3.057987505E8	2286.0209339774556
3.067773065E8	5614.043495145631
3.077558625E8	2808.4543586023456
3.087344185E8	12403.949369162707
3.097129745E8	18315.94997680115
3.106915305E8	48792.51432906079
3.116700865E8	8128.1294330518695
3.126486425E8	2219.429396857577
3.136271985E8	3334.0047455295735
3.146057545E8	7334.341239339142
3.155843105E8	6370.512276487857
3.16365796E8	3086.819268922408
3.16855074E8	34487.52247873633
3.175414225E8	14441.299502167978
3.185199785E8	4873.457173107464
3.194985345E8	2849.480629688845
3.204770905E8	1931.9544901435872
3.214556465E8	6080.720946787685
3.224342025E8	1827.564325510721
3.234127585E8	4131.534145137403
3.243913145E8	3077.587381415019
3.253698705E8	4928.378828816018
3.263484265E8	3677.709310512918
3.273269825E8	2702.3272443098563
3.283055385E8	3098.99148518094
3.292840945E8	3649.990740740741
3.302626505E8	2273.895752895753
3.312412065E8	2565.8624329758713
3.322197625E8	1157.1207627118645
3.331983185E8	2375.672987358616
3.341768745E8	2866.73684667477
3.351554305E8	1947.0861530672516
3.361339865E8	2563.4318756319512
3.371125425E8	4305.458670988654
3.380910985E8	6653.973850783439
3.390696545E8	1142.8156342723178
3.400482105E8	8975.787027563327
3.40945784E8	2088.7317307692306
3.41435062E8	1956.7296137339056
3.420053225E8	85024.50683371298
3.429838785E8	83485.77611940299
3.439624345E8	62981.48520102652
3.449409905E8	23744.004136029413
3.459195465E8	3478.5731264953306
3.468981025E8	2363.05424005599
3.478766585E8	2266.128242074928
3.488552145E8	15413.374930050364
3.498337705E8	2443.5346329983463
3.508123265E8	4934.119758525045
3.517908825E8	1811.1245283018868
3.527694385E8	2762.3263721845615
3.537479945E8	5214.310387596899
3.547265505E8	3404.226349737219
3.557051065E8	1958.6579321231254
3.566836625E8	2623.288163948139
3.576622185E8	49152.46673249986
3.586407745E8	10018.462733342418
3.596193305E8	2253.094146225856
3.605978865E8	16939.9697501096
3.615764425E8	4288.622418879056
3.625549985E8	8661.761548614166
3.635335545E8	2334.8777014159145
3.645121105E8	2853.3703424205264
3.65242163E8	2621.4491545606097
3.65731441E8	34727.77944740669
3.664692225E8	2850.7998681173754
3.674477785E8	3041.083781844277
3.684263345E8	4299.928763565532
3.694048905E8	1950.6986324216143
3.703834465E8	3146.749184149184
3.713620025E8	17455.69899089343
3.723405585E8	6724.792739844425
3.733191145E8	1759.7171245895975
3.742976705E8	5309.784586108468
3.752762265E8	3084.1685448309654
3.762547825E8	3191.7612238111074
3.772333385E8	3987.9708102667337
3.782118945E8	4588.071074770029
3.791904505E8	5798.9853355893965
3.801690065E8	3975.871134787655
3.811475625E8	8301.14960909737
3.821261185E8	8435.551500682128
3.831046745E8	2507.632124768872
3.840832305E8	3675.048098159509
3.849989605E8	40198.795648338724
3.854882385E8	854.5
3.860403425E8	5359.323145318144
3.870188985E8	5668.697038724374
3.879974545E8	3158.544422827497
3.889760105E8	1067.916004540295
3.899545665E8	2960.69540591567
3.909196135E8	3735.270708880924
3.91408841E8	270.63203973760784
