#Position (bp)	insert size
489278.5	82468.8843247328
1467834.5	43982.64406779661
2446390.5	2841.1912043390184
3424946.5	11083.085173501577
4403502.5	4816.161581137309
5382058.5	8631.253773921313
6360614.5	1622.745356632597
7339170.5	3272.8352651914297
8317726.5	7350.84721352536
9296282.5	8721.188943317005
1.02748385E7	2727.3583485568142
1.12533945E7	1323.4364052815952
1.22319505E7	1676.659944031651
1.32105065E7	2488.9690148305085
1.41890625E7	2901.2017511177346
1.51676185E7	2335.4103266314874
1.61461745E7	3879.0710360268677
1.71247305E7	1190.8986236224794
1.81032865E7	1954.2881610924662
1.90818425E7	3046.661388988845
2.00603985E7	1582.3780549639996
2.10389545E7	998.4857509814375
2.20175105E7	2753.420380933965
2.29960665E7	2011.8964186782746
2.39746225E7	1147.6355631021956
2.49531785E7	1580.882439692405
2.59317345E7	1559.5361674296926
2.69102905E7	5769.737882352942
2.78888465E7	2852.0557673975213
2.88674025E7	2143.494832826748
2.98459585E7	2121.787176724138
3.08245145E7	2255.326200721014
3.18030705E7	2930.362599049128
3.27816265E7	1556.1269721446365
3.37601825E7	2152.7278855587556
3.47387385E7	7932.629969214296
3.57172945E7	8900.157509157509
3.66958505E7	3303.6419613307785
3.76744065E7	3230.1841372051267
3.86529625E7	2402.8303697431556
3.96315185E7	3075.558536055604
4.06100745E7	3471.0653975258797
4.15886305E7	2312.583779648049
4.25671865E7	3493.4713158625063
4.35457425E7	2801.520815036009
4.45242985E7	4134.604373383494
4.55028545E7	1632.8864790776424
4.64814105E7	2584.814731080438
4.74599665E7	1534.3192022449389
4.84385225E7	2333.921889358574
4.94170785E7	1116.3369620592573
5.03956345E7	1337.6364261168385
5.13741905E7	1202.5487000169196
5.23527465E7	2699.7116137877006
5.33313025E7	2164.4280927835052
5.43098585E7	1793.4490459670426
5.52884145E7	2537.0339366515836
5.62669705E7	2450.260453165148
5.72455265E7	3041.499510196812
5.82240825E7	2411.693972179289
5.92026385E7	3608.3130081300815
6.01811945E7	1833.7079159300727
6.11597505E7	2109.418702921183
6.21383065E7	8734.729024178789
6.31168625E7	4859.931027783175
6.40954185E7	4640.281639591991
6.50739745E7	20832.73072406799
6.60525305E7	3524.1601216627237
6.70310865E7	5281.888749286122
6.80096425E7	3320.823590096286
6.89881985E7	1334.5310619171855
6.99667545E7	2897.2158807110327
7.09453105E7	620.1799527265881
7.19238665E7	3105.4359192607003
7.29024225E7	2167.348403152219
7.38809785E7	1611.8484654731458
7.48595345E7	3686.4717147648043
7.58380905E7	4175.9914490936035
7.68166465E7	4534.322489813496
7.77952025E7	4415.313485113836
7.87737585E7	3875.345403377111
7.97523145E7	2999.872800760818
8.07308705E7	4507.7868029739775
8.17094265E7	7728.3518642554145
8.26879825E7	3156.264163090129
8.36665385E7	3206.346777462505
8.46450945E7	5309.089547378704
8.56236505E7	2089.900405092593
8.66022065E7	5045.755539499037
8.75377665E7	3230.0729183640215
8.80270445E7	4067.6451204055766
8.85593185E7	5198.531615925059
8.95378745E7	21742.589788495217
9.05164305E7	2026.365023127645
9.14949865E7	3300.97693667631
9.24735425E7	1360.7546119592876
9.34520985E7	3277.324971117346
9.44306545E7	1367.2600847590645
9.54092105E7	7565.650098286998
9.63877665E7	4831.760822510822
9.73663225E7	2419.465734265734
9.83448785E7	3858.8650822669106
9.93234345E7	3499.7794500185805
1.003019905E8	4842.353070658155
1.012805465E8	1879.6450019912386
1.022591025E8	1499.981981981982
1.032376585E8	3647.8964691178003
1.042162145E8	3874.133107043278
1.051947705E8	4952.784990108803
1.061733265E8	1145.831095123901
1.071518825E8	2079.741753564588
1.081304385E8	1477.1377967261435
1.091089945E8	1862.634559850955
1.100875505E8	858.3589875369395
1.110661065E8	2273.555659494855
1.120446625E8	1602.388945520444
1.130232185E8	3905.7098210463223
1.140017745E8	1358.7006714060033
1.149803305E8	1542.7521797215582
1.159588865E8	3337.5064249533457
1.169374425E8	1129.7986633663365
1.179159985E8	12748.21928810817
1.188945545E8	3044.368651915391
1.198731105E8	8716.527063740858
1.208516665E8	2133.403269754768
1.218302225E8	2459.994929577465
1.228087785E8	2612.859791348262
1.237873345E8	3606.2246706042706
1.247658905E8	10011.26492567956
1.257444465E8	2515.1406618705037
1.267230025E8	4267.150115160547
1.277015585E8	1913.8920334122927
1.286801145E8	1097.0497351763338
1.296586705E8	978.5432763439093
1.306372265E8	1519.2034974350254
1.316157825E8	1528.147015565633
1.325943385E8	2196.670835639181
1.335728945E8	1782.327617424646
1.345514505E8	1519.6065005138746
1.355300065E8	4773.312781053262
1.365085625E8	2148.9353278166773
1.374871185E8	3057.9238307349665
1.384656745E8	2503.833951762523
1.394442305E8	2129.246718882303
1.404227865E8	1717.2894418698368
1.414013425E8	1961.1103508095605
1.423798985E8	3512.0032329169726
1.433584545E8	2905.457444137585
1.443370105E8	2068.450183437075
1.453155665E8	1586.6540697674418
1.462941225E8	2447.064296780857
1.472726785E8	2515.3440285204993
1.482512345E8	2560.0393212404915
1.492297905E8	2816.1129438882085
1.502083465E8	1563.9816958277254
1.511869025E8	3260.415849291608
1.521654585E8	2342.0406377204886
1.531440145E8	3049.8432340688164
1.541225705E8	2850.604151144226
1.551011265E8	7113.210152284264
1.560796825E8	3379.35219924451
1.570582385E8	3160.629320750576
1.580367945E8	3160.270878721859
1.590153505E8	2223.9767129045817
1.599939065E8	2171.183220706362
1.609724625E8	4969.750104490781
1.619510185E8	5911.268191110775
1.629295745E8	2463.808532599346
1.639081305E8	2238.234057142857
1.648866865E8	1973.3804149428086
1.658652425E8	1880.6681793708176
1.668437985E8	7009.657478028573
1.678223545E8	2679.739651416122
1.688009105E8	6627.318563789152
1.697794665E8	8319.277326968973
1.707580225E8	51290.73602525319
1.717365785E8	57916.268544399056
1.727151345E8	8750.277172671185
1.736936905E8	3374.818898277543
1.744297225E8	12105.705836236933
1.749190005E8	133171.75843834382
1.756508025E8	44785.30788237447
1.766293585E8	58036.48002403124
1.776079145E8	13868.807996668054
1.785864705E8	8921.411226842649
1.795650265E8	2787.5969599923524
1.805435825E8	15968.078619175896
1.815221385E8	2936.802076894548
1.825006945E8	5696.201185770751
1.834792505E8	3528.626943568555
1.844578065E8	1339.5262925320371
1.854363625E8	48198.67660592675
1.864149185E8	2323.9718360933157
1.873934745E8	2590.947434292866
1.883720305E8	9711.198779867818
1.893505865E8	4494.84765253754
1.903291425E8	2034.5957349327336
1.913076985E8	2391.1490523610664
1.922862545E8	1286.2163541901966
1.932648105E8	2276.4146584913733
1.942433665E8	1735.6225751331792
1.952219225E8	1747.65382973273
1.962004785E8	2745.838919679775
1.971790345E8	1399.8540377863233
1.981575905E8	1333.4699901283318
1.991361465E8	2580.759744261285
2.001147025E8	4432.347742127154
2.010932585E8	3089.5961352657005
2.020718145E8	9151.078990205546
2.030503705E8	2409.5489941596365
2.040289265E8	1128.1821305841925
2.050074825E8	12193.603982032293
2.059860385E8	6564.182776971456
2.069645945E8	1895.1372021521906
2.079431505E8	1111.116184814915
2.089217065E8	2451.3409745293466
2.099002625E8	16998.891522528294
2.108788185E8	3904.6452415237595
2.118573745E8	2287.832811303682
2.128359305E8	4425.446355286301
2.138144865E8	2685.2855242471883
2.147930425E8	2630.7750241151593
2.157715985E8	1541.469643215744
2.167501545E8	2802.7873400520893
2.177287105E8	3280.4424932763804
2.187072665E8	1925.9639575971732
2.196858225E8	1587.4379695431471
2.206643785E8	18291.52094117647
2.216429345E8	3240.228389579633
2.226214905E8	2574.894047548817
2.236000465E8	1822.9892247283353
2.242797555E8	5962.624401913876
2.247690335E8	26808.92174299689
2.255571585E8	2227.503923998348
2.265357145E8	1322.4746810365323
2.275142705E8	122738.37324179504
2.284928265E8	3744.473309608541
2.294713825E8	1492.856364275668
2.304499385E8	4789.152500874432
2.314284945E8	3865.6154549611338
2.324070505E8	1658.2626234717138
2.333856065E8	2849.5784164446136
2.343641625E8	5233.810987673109
2.353427185E8	1735.2250594152435
2.363212745E8	3133.0359841669665
2.372998305E8	1083.4748120493018
2.382783865E8	2142.498726655348
2.392569425E8	2267.1639879457557
2.402354985E8	1808.1045569620253
2.412140545E8	2540.6303750245434
2.421926105E8	2097.8115825994128
2.431711665E8	29544.5515813253
2.441497225E8	2317.6625458497488
2.451282785E8	1971.5447903787795
2.461068345E8	1316.9554766002332
2.470853905E8	1253.86242283332
2.480639465E8	2404.868321093948
2.490425025E8	2407.5628622826302
2.500210585E8	3244.5117161780086
2.509996145E8	1513.4621688583952
2.519781705E8	2498.90791199184
2.529567265E8	2997.6108671789243
2.539352825E8	2527.4729858724704
2.549138385E8	5839.51010349926
2.558923945E8	2039.5438571928596
2.568709505E8	3004.245122127475
2.578495065E8	2408.021374841737
2.588280625E8	2598.460893098782
2.598066185E8	1429.6104807503116
2.607851745E8	1266.133890262268
2.617637305E8	2747.915622666556
2.627422865E8	1719.3982203559287
2.637208425E8	1962.0623265203128
2.646993985E8	3073.7309178239534
2.656779545E8	2112.140720081136
2.666565105E8	3995.092693565976
2.676350665E8	11143.602168473728
2.686136225E8	2637.27429179155
2.695921785E8	1461.8372758964144
2.70511608E8	2928.2535238370137
2.71000886E8	22928.636363636364
2.715492905E8	21799.146783994496
2.725278465E8	88655.06357684356
2.735064025E8	8041.821086980984
2.744849585E8	1742.9760488932936
2.754635145E8	6025.61936502368
2.764420705E8	11220.998791484615
2.774206265E8	1412.7555394990366
2.783991825E8	2698.4153985234293
2.793777385E8	1453.632151671528
2.803562945E8	1600.1019451605343
2.813348505E8	1792.4616300465418
2.823134065E8	3126.6371902299875
2.832919625E8	1614.3284473109109
2.842705185E8	2625.479593258114
2.852490745E8	4271.836834094368
2.862276305E8	2592.4414794588556
2.872061865E8	2908.9628277031434
2.881847425E8	7134.5806530066275
2.891632985E8	3479.4100648712406
2.901418545E8	2086.260404040404
2.911204105E8	1382.194382647386
2.920989665E8	2704.4212459386918
2.930775225E8	2574.6409754506158
2.940560785E8	1261.93087431694
2.950346345E8	3252.127618558026
2.960131905E8	5188.697866599207
2.969917465E8	1895.511146891256
2.979703025E8	2181.6514922294045
2.989488585E8	3025.3538307889858
2.999274145E8	1620.954535737191
3.009059705E8	1329.177209154482
3.018845265E8	2518.781849704071
3.028630825E8	3403.5790735694823
3.038416385E8	2178.0244413407822
3.048201945E8	1885.5117210507715
3.057987505E8	2282.4783307939733
3.067773065E8	5542.76104365797
3.077558625E8	2875.5004850836767
3.087344185E8	12425.24217084768
3.097129745E8	18219.892316907983
3.106915305E8	48944.846540863764
3.116700865E8	8161.429176755448
3.126486425E8	2283.7503797468353
3.136271985E8	3344.834917355372
3.146057545E8	7357.912958135255
3.155843105E8	6384.335473515249
3.16365796E8	3094.435866013072
3.16855074E8	34489.776427703524
3.175414225E8	14150.601933924254
3.185199785E8	4888.118096045797
3.194985345E8	2864.1373707533235
3.204770905E8	1905.593067619125
3.214556465E8	6065.106598984771
3.224342025E8	1764.5182549767048
3.234127585E8	4150.908858462553
3.243913145E8	3072.159646505222
3.253698705E8	4917.107828067179
3.263484265E8	3643.10867560089
3.273269825E8	2758.4335316492734
3.283055385E8	3096.3367765207413
3.292840945E8	3658.441232227488
3.302626505E8	2270.863586871986
3.312412065E8	2563.3352931295144
3.322197625E8	1172.4731416169288
3.331983185E8	2394.819859891026
3.341768745E8	2867.8184666260554
3.351554305E8	1947.290979795418
3.361339865E8	2591.594864659752
3.371125425E8	4260.588778054863
3.380910985E8	6634.394052817634
3.390696545E8	1159.886749383307
3.400482105E8	8960.114768848898
3.40945784E8	2080.4533109001322
3.41435062E8	1944.3307875894989
3.420053225E8	84841.58129619101
3.429838785E8	83462.91589799241
3.439624345E8	62658.923129484116
3.449409905E8	23721.850437183617
3.459195465E8	3543.7955826704765
3.468981025E8	2350.0114673531475
3.478766585E8	2243.0197999381253
3.488552145E8	15358.02306301814
3.498337705E8	2439.255938526289
3.508123265E8	4940.390325475161
3.517908825E8	1799.4956787900612
3.527694385E8	2763.3500492718713
3.537479945E8	5145.02935694315
3.547265505E8	3442.0591127098323
3.557051065E8	1950.0395007110128
3.566836625E8	2619.2069616271756
3.576622185E8	49119.02604642491
3.586407745E8	9832.346326225723
3.596193305E8	2260.833095323099
3.605978865E8	16857.556304985337
3.615764425E8	4313.306604182939
3.625549985E8	8609.347216133276
3.635335545E8	2345.12562024479
3.645121105E8	2804.235544217687
3.65242163E8	2607.1920324427483
3.65731441E8	34758.075430511766
3.664692225E8	2875.948150594452
3.674477785E8	3037.26880172724
3.684263345E8	4288.442670132764
3.694048905E8	1952.8292029470865
3.703834465E8	3149.6385785226566
3.713620025E8	17656.820696468265
3.723405585E8	6706.588911952949
3.733191145E8	1761.7100397442543
3.742976705E8	5332.502187559445
3.752762265E8	3076.869735553379
3.762547825E8	3203.4828390536486
3.772333385E8	3989.225757684832
3.782118945E8	4575.361192146968
3.791904505E8	5783.1111424541605
3.801690065E8	3982.3652621555675
3.811475625E8	8314.996555819478
3.821261185E8	8385.54777503616
3.831046745E8	2543.7782088587132
3.840832305E8	3641.2265695342558
3.849989605E8	40361.199529134785
3.854882385E8	854.5
3.860403425E8	5336.927560366361
3.870188985E8	5668.697038724374
3.879974545E8	3161.436587739215
3.889760105E8	1069.1240045506256
3.899545665E8	2967.9157762413574
3.909196135E8	3720.7857854864433
3.91408841E8	270.5139492964048
