#Position (bp)	insert size
489278.5	11504.78501246517
1467834.5	3804.905272433544
2446390.5	1961.9370068209175
3424946.5	1382.1977632296782
4403502.5	1155.690214677983
5382058.5	3973.390804597701
6360614.5	655.1301525848326
7339170.5	845.8309310479159
8317726.5	4609.373211963589
9296282.5	4077.3557033454254
1.02748385E7	872.4760550388193
1.12533945E7	526.9439046240783
1.22319505E7	653.3714285714286
1.32105065E7	828.8319238900634
1.41890625E7	617.2082059951882
1.51676185E7	2277.838276053215
1.61461745E7	1719.9644104803494
1.71247305E7	400.77236995341616
1.81032865E7	596.1539663461539
1.90818425E7	1778.0319466385818
2.00603985E7	467.99858063107325
2.10389545E7	824.8118458068277
2.20175105E7	1221.3974804926202
2.29960665E7	548.576990241397
2.39746225E7	498.64384234437034
2.49531785E7	484.93388429752065
2.59317345E7	843.1924019607843
2.69102905E7	9527.491438002888
2.78888465E7	822.6745275399774
2.88674025E7	1132.0316374519025
2.98459585E7	643.6874295377678
3.08245145E7	1233.2458208057726
3.18030705E7	798.7419334063245
3.27816265E7	720.578548212351
3.37601825E7	8169.728363240698
3.47387385E7	1885.4574489865556
3.57172945E7	7605.320358514725
3.66958505E7	5124.229514075668
3.76744065E7	1643.379852702534
3.86529625E7	8739.12566096423
3.96315185E7	3033.7705962676378
4.06100745E7	3941.600631706071
4.15886305E7	1036.0110240403772
4.25671865E7	473.9363692817222
4.35457425E7	869.9268854346575
4.45242985E7	1389.5289615225486
4.55028545E7	602.2949756888169
4.64814105E7	934.7575644378035
4.74599665E7	674.5105274129664
4.84385225E7	1539.055326888102
4.94170785E7	402.1338696255201
5.03956345E7	559.0058284762698
5.13741905E7	369.21658019005423
5.23527465E7	849.6134744555261
5.33313025E7	868.0137504614249
5.43098585E7	599.2777234058572
5.52884145E7	690.0868671292727
5.62669705E7	903.417651314203
5.72455265E7	1515.8166293393058
5.82240825E7	1812.932176405031
5.92026385E7	1079.8720634022077
6.01811945E7	812.1332879045997
6.11597505E7	704.1509180044218
6.21383065E7	15978.269984220451
6.31168625E7	960.3335875679284
6.40954185E7	1191.666096579477
6.50739745E7	17393.092946762514
6.60525305E7	4549.568744950175
6.70310865E7	5154.255748803548
6.80096425E7	928.7404337859284
6.89881985E7	529.6835311096856
6.99667545E7	1946.7498272817993
7.09453105E7	311.51944539103766
7.19238665E7	1189.827065026362
7.29024225E7	923.5509377664109
7.38809785E7	3415.4628135543494
7.48595345E7	3738.265918292234
7.58380905E7	2689.1273206221776
7.68166465E7	1493.467973211718
7.77952025E7	1816.1118644067797
7.87737585E7	3638.2665559679626
7.97523145E7	675.2898660601466
8.07308705E7	2880.001325506533
8.17094265E7	3779.2352668213457
8.26879825E7	1274.2954111971278
8.36665385E7	1588.6149666025133
8.46450945E7	1892.6079637798932
8.56236505E7	3808.265834076717
8.66022065E7	2294.7735286814004
8.75377665E7	1783.319946263169
8.80270445E7	1435.0530612244897
8.85593185E7	1578.7086183310535
8.95378745E7	40620.696830748486
9.05164305E7	715.0562257207115
9.14949865E7	1650.5023366336634
9.24735425E7	969.8242126789366
9.34520985E7	5607.681283602151
9.44306545E7	672.6419441376046
9.54092105E7	3496.3182789136404
9.63877665E7	3155.4460010188486
9.73663225E7	1048.2043979812545
9.83448785E7	910.5509453244763
9.93234345E7	1647.8652839697615
1.003019905E8	4412.047491638796
1.012805465E8	1417.0305065544587
1.022591025E8	482.4206915477497
1.032376585E8	2011.717644424541
1.042162145E8	1995.166068222621
1.051947705E8	16549.834755276155
1.061733265E8	744.4162924446546
1.071518825E8	576.5004399472064
1.081304385E8	2339.4313233287858
1.091089945E8	645.6825141776937
1.100875505E8	346.9096430258452
1.110661065E8	610.3013411567476
1.120446625E8	912.240747227087
1.130232185E8	1807.5003579098068
1.140017745E8	1517.697460149211
1.149803305E8	2778.600334881966
1.159588865E8	2211.2322451476557
1.169374425E8	503.9720951509607
1.179159985E8	11019.95487050057
1.188945545E8	1985.647251175148
1.198731105E8	4936.093446088795
1.208516665E8	935.6816005108013
1.218302225E8	927.6619223233837
1.228087785E8	2064.8604269293924
1.237873345E8	2693.13013095308
1.247658905E8	10942.578683225587
1.257444465E8	2043.3360116448325
1.267230025E8	1657.7889088944905
1.277015585E8	969.8987274655356
1.286801145E8	562.4334508594094
1.296586705E8	423.1473593446864
1.306372265E8	440.82376339257075
1.316157825E8	588.840033022163
1.325943385E8	1545.5548161885022
1.335728945E8	566.0917461361395
1.345514505E8	724.1668246445498
1.355300065E8	3252.682346778418
1.365085625E8	641.0287882753206
1.374871185E8	1278.0126202871115
1.384656745E8	3333.689931541159
1.394442305E8	1105.8696808510638
1.404227865E8	482.71152054652725
1.414013425E8	630.2594179788719
1.423798985E8	944.3306457747015
1.433584545E8	932.8137667807317
1.443370105E8	895.3051075268817
1.453155665E8	458.74401571989995
1.462941225E8	764.2888430122969
1.472726785E8	940.8542857142858
1.482512345E8	1035.8018934911242
1.492297905E8	1988.5833871314826
1.502083465E8	2418.636144841921
1.511869025E8	1003.1118993872944
1.521654585E8	1156.6519144704127
1.531440145E8	9010.173223140497
1.541225705E8	778.4448484848485
1.551011265E8	2706.6163107478687
1.560796825E8	1333.9065162753632
1.570582385E8	1797.90904909739
1.580367945E8	836.9134159400337
1.590153505E8	3727.2369679579147
1.599939065E8	1856.6087674714104
1.609724625E8	3141.9617452440034
1.619510185E8	7095.308765243903
1.629295745E8	1857.2958089668616
1.639081305E8	603.0414917855858
1.648866865E8	1821.3746467112026
1.658652425E8	821.0103367267033
1.668437985E8	1886.0268653970006
1.678223545E8	551.314885180902
1.688009105E8	3447.8351515151517
1.697794665E8	7751.872114216282
1.707580225E8	44937.30662305805
1.717365785E8	34567.849153451316
1.727151345E8	12041.686152144719
1.736936905E8	1333.9431001227424
1.744297225E8	9316.439779766002
1.749190005E8	29149.31801470588
1.756508025E8	8535.414712625186
1.766293585E8	11629.816068936221
1.776079145E8	16035.59952908859
1.785864705E8	1732.5569874782927
1.795650265E8	702.3398488013528
1.805435825E8	5788.830334802812
1.815221385E8	1085.8367001172944
1.825006945E8	6590.035089546022
1.834792505E8	5179.919339510572
1.844578065E8	422.05425652667424
1.854363625E8	156046.59067247424
1.864149185E8	2120.706620458891
1.873934745E8	581.7744090441932
1.883720305E8	8430.526285272517
1.893505865E8	1391.2359213250518
1.903291425E8	771.5803869832894
1.913076985E8	438.58219849656825
1.922862545E8	485.27115250291035
1.932648105E8	711.8906799531067
1.942433665E8	414.3709220602119
1.952219225E8	796.9735517525396
1.962004785E8	1083.9667715660867
1.971790345E8	473.51086895467057
1.981575905E8	573.1978975301082
1.991361465E8	1398.96768015322
2.001147025E8	2342.513095238095
2.010932585E8	4981.10049833887
2.020718145E8	20249.757333410325
2.030503705E8	3506.047765267827
2.040289265E8	375.9338448776441
2.050074825E8	2092.986819783375
2.059860385E8	5973.887714212636
2.069645945E8	573.0843176872863
2.079431505E8	751.9691209771495
2.089217065E8	1717.8192052234606
2.099002625E8	1917.2571047957372
2.108788185E8	1397.3921809017845
2.118573745E8	4366.123096904538
2.128359305E8	1032.2602315006202
2.138144865E8	5518.216416986505
2.147930425E8	856.3081018133422
2.157715985E8	2884.2826957682705
2.167501545E8	639.5917097228746
2.177287105E8	656.1309210526316
2.187072665E8	2685.843422706326
2.196858225E8	558.0100412218582
2.206643785E8	16360.467853839038
2.216429345E8	824.5039405880569
2.226214905E8	697.0623966416487
2.236000465E8	483.9070724471241
2.242797555E8	2082.095
2.247690335E8	10175.751537515374
2.255571585E8	643.4670862837661
2.265357145E8	1771.5012993340913
2.275142705E8	38093.70200148258
2.284928265E8	16412.20604553281
2.294713825E8	449.10069845126026
2.304499385E8	1197.8268656716418
2.314284945E8	2121.345827145827
2.324070505E8	2942.031716157814
2.333856065E8	1338.849915178126
2.343641625E8	2732.2192968111203
2.353427185E8	1709.771723287364
2.363212745E8	2382.666743198255
2.372998305E8	1389.948404494382
2.382783865E8	913.5978835978837
2.392569425E8	651.9204219848918
2.402354985E8	535.9115374367173
2.412140545E8	1244.3566018423746
2.421926105E8	1535.934973276689
2.431711665E8	23022.97805035507
2.441497225E8	862.8774104683196
2.451282785E8	655.6690313111546
2.461068345E8	574.1297150767101
2.470853905E8	625.0731604291628
2.480639465E8	1118.3950338600453
2.490425025E8	631.0412307692308
2.500210585E8	1034.5140570751123
2.509996145E8	1950.8122681883024
2.519781705E8	790.2752869166029
2.529567265E8	1589.481955100881
2.539352825E8	852.8661054319502
2.549138385E8	6218.016462756387
2.558923945E8	687.1470217342927
2.568709505E8	1158.6975806451612
2.578495065E8	824.9976196143775
2.588280625E8	923.5199883704026
2.598066185E8	678.3758899070068
2.607851745E8	2836.787094641301
2.617637305E8	6265.121125757036
2.627422865E8	1030.2091563786007
2.637208425E8	3335.5266257040453
2.646993985E8	1117.5084005376343
2.656779545E8	564.3105436573311
2.666565105E8	1232.4598990465508
2.676350665E8	6817.955719557195
2.686136225E8	845.4443664795509
2.695921785E8	648.8144263144263
2.70511608E8	1175.6943380813805
2.71000886E8	346.51162790697674
2.715492905E8	7769.602369200395
2.725278465E8	5145.376453488372
2.735064025E8	2807.678951569984
2.744849585E8	707.6910859284376
2.754635145E8	1515.6488389798249
2.764420705E8	4214.000315357931
2.774206265E8	423.74072119613015
2.783991825E8	1217.7628471113949
2.793777385E8	1464.908717948718
2.803562945E8	788.5490808602667
2.813348505E8	693.7726054922974
2.823134065E8	908.7865480822679
2.832919625E8	877.2569504310345
2.842705185E8	1152.6251267932184
2.852490745E8	1137.8646096779632
2.862276305E8	2084.8408792650916
2.872061865E8	1856.8955161335382
2.881847425E8	4066.55273929471
2.891632985E8	698.5964912280701
2.901418545E8	593.8723470987977
2.911204105E8	14458.796616376154
2.920989665E8	2067.6718011285648
2.930775225E8	1018.1183702989392
2.940560785E8	467.13840298023973
2.950346345E8	765.899945474373
2.960131905E8	4015.098510783978
2.969917465E8	703.3544939479783
2.979703025E8	1504.7914023960536
2.989488585E8	4576.381447896536
2.999274145E8	699.224677582959
3.009059705E8	620.5892561983471
3.018845265E8	2411.268689699779
3.028630825E8	992.0924796747968
3.038416385E8	622.9876152073733
3.048201945E8	675.5483381776822
3.057987505E8	1146.5107531719607
3.067773065E8	4263.569694432817
3.077558625E8	657.981313262393
3.087344185E8	1272.2387762490948
3.097129745E8	3455.1684969677103
3.106915305E8	34783.56059746793
3.116700865E8	7234.515927977839
3.126486425E8	3231.6238933333334
3.136271985E8	787.3393419799223
3.146057545E8	1793.2008545310016
3.155843105E8	2014.3027432126696
3.16365796E8	8437.395381190874
3.16855074E8	23625.04898530441
3.175414225E8	7896.755736137668
3.185199785E8	2237.821406913281
3.194985345E8	1566.84708994709
3.204770905E8	585.0784639680825
3.214556465E8	4565.7858641739795
3.224342025E8	516.006731287022
3.234127585E8	1350.4462457337884
3.243913145E8	957.9689501026942
3.253698705E8	4959.085288808665
3.263484265E8	1545.609692698706
3.273269825E8	667.3734876929495
3.283055385E8	888.7663434770087
3.292840945E8	689.5686734865001
3.302626505E8	1677.1005097164702
3.312412065E8	1263.1230493273542
3.322197625E8	485.9233377807427
3.331983185E8	994.877009167758
3.341768745E8	2206.7205368112654
3.351554305E8	805.2528876443822
3.361339865E8	1094.1856366768252
3.371125425E8	3766.667892934162
3.380910985E8	4403.620190131282
3.390696545E8	461.02498844909906
3.400482105E8	6480.476029843639
3.40945784E8	778.8722306143001
3.41435062E8	494.314381270903
3.420053225E8	44876.75905423157
3.429838785E8	4323.616942909761
3.439624345E8	33871.08703752994
3.449409905E8	8757.095327102803
3.459195465E8	1027.5424881033312
3.468981025E8	1457.484083703234
3.478766585E8	7067.0235737351995
3.488552145E8	3586.5624501319585
3.498337705E8	1321.2141242937853
3.508123265E8	4154.880054004121
3.517908825E8	495.1062300319489
3.527694385E8	797.0116918844567
3.537479945E8	6375.89024772656
3.547265505E8	2596.7669369605023
3.557051065E8	606.8776533511616
3.566836625E8	2226.067354596623
3.576622185E8	3907.460209955977
3.586407745E8	1107.897341888176
3.596193305E8	741.4400420974432
3.605978865E8	14719.788039121373
3.615764425E8	1814.8952726539662
3.625549985E8	1378.9154267815193
3.635335545E8	643.0361424385046
3.645121105E8	1312.1829292929292
3.65242163E8	761.7631307929969
3.65731441E8	8984.91170308291
3.664692225E8	839.004342676668
3.674477785E8	858.3285444234405
3.684263345E8	5469.4669002397195
3.694048905E8	11438.843948018473
3.703834465E8	2303.110305059524
3.713620025E8	2964.894261424017
3.723405585E8	2258.2129698548565
3.733191145E8	605.2195211786373
3.742976705E8	1617.7443064182194
3.752762265E8	2295.3084910013845
3.762547825E8	1604.9962508520791
3.772333385E8	2185.874704130717
3.782118945E8	2138.6218056415246
3.791904505E8	2515.588475390156
3.801690065E8	2957.678995789802
3.811475625E8	30520.148397166526
3.821261185E8	3711.3198784310002
3.831046745E8	2181.3455901259963
3.840832305E8	1176.2375690607735
3.849989605E8	11237.705835331735
3.854882385E8	273.6
3.860403425E8	7386.88450860633
3.870188985E8	2168.1717791411043
3.879974545E8	2965.9132002218525
3.889760105E8	1321.942794279428
3.899545665E8	5426.090815802976
3.909196135E8	6978.3463162195285
3.91408841E8	856.9623362933053
