# Position (bp)	A	C	G	T	N
0.0	31.661525410600717	21.446324264788537	21.708659391748604	25.053311930068844	0.13017900279329483
1.0	26.725942915982053	21.984833804272114	21.208915978830525	30.080307300915308	0.0
2.0	28.862498956647308	19.785447287487298	20.149511710940814	31.202534748751916	7.296172661299408E-6
3.0	29.787431791501994	19.3722339730076	19.643063333525777	31.196935581786338	3.3532017828536505E-4
4.0	29.735890957114574	19.6234757539914	20.087040147683304	30.55358585727254	7.2839381806339456E-6
5.0	29.526587153810297	19.718455133313554	20.384739017096244	30.370218695779904	0.0
6.0	29.77746256525965	19.815105934227308	20.308102451602707	30.09927811951804	5.0929392290846996E-5
7.0	30.120371876716078	19.749985291412926	20.159789435576425	29.960486444427975	0.009366951866594243
8.0	29.91098650318577	19.808969196908254	20.351637955797663	29.92811552873398	2.908153743328241E-4
9.0	30.323640400459578	19.548523890976618	20.418664398683724	29.70911316144122	5.8148438863421894E-5
10.0	30.18946220628656	19.464627062119604	20.103803379245704	30.241533226652546	5.74125695591434E-4
11.0	29.990807333525794	19.318485601389384	20.397132492620834	30.21198793174596	0.08158664071802639
12.0	30.263508073700567	19.17702142580171	20.282579338211352	30.04399490570771	0.23289625657865626
13.0	30.255813728788528	19.508456620070437	20.123670436021214	30.111594272282005	4.6494283782074603E-4
14.0	30.143818057920495	19.698934172840413	20.327809025553425	29.829431479670454	7.264015209104485E-6
15.0	30.101683962899052	19.490100546449515	20.30194079685936	29.963860342702418	0.14241435108965575
16.0	29.889730533526578	19.83602493278719	20.102442832339406	30.17108259528718	7.191060596452715E-4
17.0	30.063654387220744	19.729104767342072	20.36790761306762	29.839296914467344	3.631790221985914E-5
18.0	30.248881714506858	19.49325745610824	20.25440486525372	30.003455964131188	0.0
19.0	30.314525626515596	19.51596110709929	19.86049329827725	30.225461796178198	0.08355817192965483
20.0	30.69636805027797	19.433636273635983	19.776404329608482	30.09275605317085	8.352933067075724E-4
21.0	30.507828871054787	19.229562386554548	20.14574040702721	30.116868335363456	0.0
22.0	30.2914041749824	19.665084180740855	19.624844716707273	30.418666927569472	0.0
23.0	30.299592048116025	19.780011774058647	19.654833410870705	30.26556276695463	0.0
24.0	30.169518486438196	19.453402118390922	20.11371688084823	30.263347987383355	1.4526939300999998E-5
25.0	29.998197200154507	19.935530657257825	19.80411947754541	30.261433578883096	7.190861591603514E-4
26.0	29.88158683404579	19.96791984071343	20.210863527635016	29.848436028678787	0.09119376892697438
27.0	30.1731394609896	19.806925680129517	20.351627812516593	29.667972922294872	3.341240694190694E-4
28.0	30.17882512330532	20.262406817803615	19.845075802725727	29.625955047373665	0.08773720879167654
29.0	30.222111781968664	20.001384457840935	19.884991213123556	29.76674427669051	0.12476827037633574
30.0	30.355595160719062	20.014114908370768	19.84266148248377	29.787134513798353	4.939346280425284E-4
31.0	30.38211115892311	19.959120742210075	19.669846858591967	29.988913976467007	7.263807844970583E-6
32.0	30.39539021941959	19.863069869393087	19.590107424937326	30.14975452774584	0.0016779585041588312
33.0	30.472945001764785	19.673572986849518	19.845373237151538	30.00606033355152	0.002048440682642131
34.0	30.296852100014064	20.07012880070758	19.466833120447607	30.16618597883075	0.0
35.0	30.047552646275488	19.889300008077747	19.892082181479644	30.171065164167114	0.0
36.0	29.948928575190426	20.241420628991033	20.07294776302365	29.736703032794892	0.0
37.0	30.188425951048607	20.498229704254296	19.525404265170902	29.787940079526194	0.0
38.0	30.058480959581146	20.349095776065187	19.891916795503196	29.700506468850474	0.0
39.0	30.000239734461392	20.034049558198447	20.118290794995797	29.847419912344364	0.0
40.0	30.13577167506219	19.907592325218523	19.772799954434745	30.183828780416004	7.264868534212518E-6
41.0	30.188314895319827	20.198535391555872	19.78556718886515	29.82737183731655	2.1068694259681684E-4
42.0	30.382283617481278	20.141514786973683	19.765303499530734	29.710898096014304	0.0
43.0	30.296397760678452	20.05305575933331	19.479784152919507	30.170762327068733	0.0
44.0	30.25490609514396	20.069858824838956	19.767828466461182	29.907406613555903	0.0
45.0	29.992901789142955	19.75129304929736	20.02727968353126	30.228525478028423	0.0
46.0	29.99845081152189	19.848250739497708	20.07270867612398	30.080582506493947	7.266362467668321E-6
47.0	30.11071812875288	20.05126356036203	19.85848565759726	29.979532653287826	0.0
48.0	29.993426940387906	20.02145964072361	20.242392927983758	29.742720490904723	0.0
49.0	29.957884501060338	19.99087194708055	20.13486407486166	29.916379476997452	0.0
50.0	30.15706796389022	19.970751854392173	20.048774527991895	29.7421050829864	0.08130057073930971
51.0	30.094810464840073	19.80746289876756	20.337025696908306	29.760700939484064	0.0
52.0	30.114571650405885	19.945191873149405	19.890469522565667	30.049766953879047	0.0
53.0	30.38628775415978	19.785196740991275	19.71184410915482	30.116671395694123	0.0
54.0	30.39213654773873	19.714272814103925	19.909373003074972	29.984181281913084	3.6353169294746335E-5
55.0	30.175602930200927	19.888036389591306	19.711072252733032	30.225288427474734	0.0
56.0	29.976746049788293	20.206378080897508	19.736979322339632	30.079896546974567	0.0
57.0	29.934264717123867	20.28278848984136	19.878771683591737	29.904073283359516	1.0182608352226313E-4
58.0	29.92657551019458	20.00507459420705	19.87950457528207	30.1888453203163	0.0
59.0	29.916048961629105	20.05066150176226	19.744482161995887	30.152622575958965	0.13618479865378003
60.0	29.890076863601216	19.954256606176376	19.944803747669077	30.16643653067722	0.04442625187610861
61.0	29.921854796206194	20.14766672555052	19.713782264111035	30.216696214132256	0.0
62.0	30.059507883627894	20.086606296054505	19.981608229367264	29.87227031054077	7.280409560895929E-6
63.0	30.11700197113981	19.847121055890664	19.88904610072687	30.146779895116747	5.097712590818481E-5
64.0	30.185217184289687	20.187108315177213	19.59335440870981	30.03430552224789	1.4569575404691812E-5
65.0	30.400522412934457	19.874376916472375	19.71785270852684	30.007247962066323	0.0
66.0	30.129859109711244	19.928839709795135	20.105913023979184	29.835300676902655	8.747961178297883E-5
67.0	29.99668681730332	19.89572408357097	20.052237871494167	30.05535122763155	0.0
68.0	29.905115138012324	19.994076946722217	20.137191864243444	29.96347742326607	1.3862775594714895E-4
69.0	29.815850633104695	20.126985920608874	20.26644545850982	29.79069608886985	2.189890676277659E-5
70.0	29.890692466558477	20.407914642240062	19.795019433984162	29.906358849866894	1.4607350404116002E-5
71.0	30.014698854720024	20.321077125759654	19.656058638732436	29.969030310422596	0.039135070365295004
72.0	30.06197246381698	20.126026204341443	19.659362428743147	30.152631590109298	7.312989133848835E-6
73.0	30.19826823497864	20.102397103952228	19.6988948147387	30.00024224481759	1.976015128371823E-4
74.0	30.023396001254877	20.205769958878093	19.896870373730263	29.873590103610866	3.735625259067443E-4
75.0	30.174206131409463	19.82900513612182	20.107696235206724	29.8890705022789	2.1994983090990165E-5
76.0	29.97452576987973	20.35393995579163	19.86712537062616	29.804408903702477	0.0
77.0	29.767086776976388	20.255450226137796	19.93678030826506	29.917428975745924	0.12325371287483335
78.0	30.105892985190103	20.121653107116828	20.057809424695606	29.714644482997464	0.0
79.0	29.888803200945464	20.397639352800077	19.86101615230826	29.852541293946206	0.0
80.0	30.329267088548136	20.201707883277315	19.833003428877685	29.635984728851426	3.687044543996286E-5
81.0	30.27585368081716	20.239714537916782	19.974288975637666	29.51014280562839	0.0
82.0	29.890817577089727	20.36729159083578	19.7317655826878	30.01012524938669	0.0
83.0	29.928276888423444	20.447166661813153	19.724052047179732	29.90050440258367	0.0
84.0	29.89845739126626	20.240368857099057	19.912269858716385	29.9489038929183	0.0
85.0	30.139434944135036	20.235084951511382	19.682509735255653	29.942970369097928	0.0
86.0	30.204854878244813	20.226502133411035	19.77274781014834	29.795895178195813	0.0
87.0	29.880778649174434	20.357770170494287	19.904556558213056	29.85655833262588	3.3628949234336083E-4
88.0	29.957238308817892	20.611177100912855	19.65575497660325	29.775822122391837	7.491274163853943E-6
89.0	29.774157473570124	20.46413218502894	19.948868677047987	29.81233098196638	5.106823865719972E-4
90.0	29.83817436728303	20.40926328497232	20.02103779159363	29.730169125380435	0.0013554307705827245
91.0	30.004344100152462	20.11090329872979	20.026588641503302	29.85816395961444	0.0
92.0	30.424665265293104	19.827868249073703	19.983758183388485	29.763708302244712	0.0
93.0	30.081005070053408	19.876829322586346	20.209200672279326	29.83296493508092	0.0
94.0	30.080460961872145	20.15295511446285	19.721512367232553	29.957085962253334	0.08798559417912132
95.0	29.999017542528012	20.48700049612572	19.811055982630396	29.70258931104634	3.3666766952823984E-4
96.0	30.064007367356666	20.425335811136982	19.8218992219036	29.68874223814182	1.5361460936380892E-5
97.0	30.022868776956095	20.480656074352133	19.620482244505148	29.791189205702867	0.08480369848375799
98.0	30.058910197348737	20.03952378530282	20.00259507420542	29.89888578259332	8.51605497005097E-5
99.0	29.864610849478296	19.91685881001208	20.25475642235569	29.77986047516803	0.18391344298589982
100.0	29.97911719916781	20.0400186683013	19.815079531912406	30.165651902373746	1.3269824473787062E-4
101.0	30.039168882457997	19.933796333570587	19.90819227254386	30.11863084282752	2.1166860003720664E-4
102.0	30.155625110045992	20.144487432157334	19.925167151787715	29.7746021886671	1.1811734186214037E-4
103.0	30.23105008000616	20.345366860433796	19.760047162860182	29.663512166560896	2.3730138961320744E-5
104.0	30.50490287242041	19.989207163645787	19.736227212253286	29.769630961293615	3.1790386904903825E-5
105.0	30.146809753067892	20.125668516042346	19.81076639999374	29.915876742330983	8.785885650420312E-4
106.0	30.057371069648976	19.93460809255164	19.77456869329713	30.233387913568926	6.423093332845178E-5
107.0	30.097755246020103	19.804507264471376	19.839100177476332	30.25862116974894	1.6142283250096998E-5
108.0	30.107105063266488	19.881606624640494	20.040275983405937	29.970890599944166	1.2172874291538716E-4
109.0	30.19103003247952	20.086266100338683	19.41685689274121	30.305830655944	1.6318496583437167E-5
110.0	30.1983826554858	20.050033514546772	19.500371978245855	30.25121185172157	0.0
111.0	30.1750883326073	20.245226591838446	19.73661617290412	29.84292045141711	1.4845123302769422E-4
112.0	30.02679255440983	20.12338274824204	19.62353094155246	30.2262439986685	4.975712716943148E-5
113.0	29.90665451312725	20.263686553425053	19.652785242172	30.141250289669458	0.035623401606238496
114.0	30.02368332925598	20.24783334732522	19.753518595971663	29.971492615009744	0.0034721124374002864
115.0	30.231562313873194	20.013898311977783	19.504228851670536	30.250310522478486	0.0
116.0	29.97758003428576	20.049200147411973	19.71585076889132	30.257190769551805	1.7827985913853643E-4
117.0	30.104339479632912	19.853448481361983	20.099090849826045	29.908286965310253	0.03483422386879981
118.0	30.031683382504816	20.379588400626737	19.720753918162824	29.863073343991047	0.004900954714576565
119.0	29.976119878211378	20.373429730578582	19.623282426566462	30.02713335577142	3.460887215742192E-5
120.0	30.289721326058842	20.213388319497547	19.750091227124326	29.744422128517968	0.0023769988013134617
121.0	30.007178908133103	20.188379315492774	19.74732416143274	30.05575087138663	0.0013667435547527983
122.0	29.989026479360092	20.323520935250407	19.867159304010602	29.817551444053425	0.00274183732546905
123.0	30.09602920365202	20.22660404364401	19.74860947559	29.900225054999495	0.0285322221144772
124.0	30.10487003150467	20.319982756051253	19.567345825731287	29.97981747237392	0.02798391433886306
125.0	30.193610737772342	20.299379233773998	19.718421159093257	29.728193394975435	0.06039547438496496
126.0	30.379832772559272	19.982810170513332	19.769218166001796	29.850125325534094	0.018013565391505382
127.0	29.82244934960262	20.246558777413536	19.655689508367345	30.257800798818863	0.017501565797637963
128.0	30.179317805253685	20.012363516390426	19.92362122878555	29.867668697785188	0.017028751785150214
129.0	30.048953576846948	20.331765647809753	19.80694077587952	29.810943967338392	0.0013960321253803263
130.0	29.91554010327305	20.429826977517525	19.67831603145755	29.975981670310293	3.3521744158696406E-4
131.0	29.989365719208287	20.34238239583473	19.79470896474278	29.87232393026365	0.0012189899505530791
132.0	30.00905333097603	20.364762539420617	20.016418016449748	29.60647948767931	0.0032866254742940555
133.0	30.240253148976056	20.225711693748032	19.757915732994643	29.775463075481156	6.563488001135387E-4
134.0	30.14140837297009	20.371592228767664	19.656147115299856	29.83069897397963	1.5330898275657217E-4
135.0	30.072001273394665	20.23349174785395	19.916843001177966	29.722918824567092	0.05474515300632795
136.0	30.18689159346566	20.13705988736545	19.70131432357234	29.97263546363088	0.0020987319656694307
137.0	29.759559657421708	20.424033961814715	19.583133962202115	30.229785803636428	0.003486614925036289
138.0	28.931344164308335	20.890008968249198	19.109716095719595	31.06893077172287	0.0
139.0	31.86863255576256	21.468514856877878	14.837325226890025	31.824538026026726	9.893344428063098E-4
140.0	36.7128448157025	25.432155112862116	0.0	37.855000071435384	0.0
