#Position (bp)	insert size
489278.5	11446.270351390922
1467834.5	3798.542656112577
2446390.5	1967.0592874807833
3424946.5	1381.648110246964
4403502.5	1151.7497507477567
5382058.5	4036.778368355995
6360614.5	652.5293315917996
7339170.5	841.7895760404512
8317726.5	4626.016971279373
9296282.5	4081.854007249295
1.02748385E7	875.9521027139233
1.12533945E7	526.8523947151115
1.22319505E7	656.2567185289957
1.32105065E7	828.2345483359746
1.41890625E7	617.0073462488623
1.51676185E7	2253.465011754944
1.61461745E7	1713.9537016815898
1.71247305E7	401.11909262759923
1.81032865E7	595.066355252126
1.90818425E7	1787.219139596137
2.00603985E7	470.3042811781452
2.10389545E7	823.9065711537488
2.20175105E7	1217.6278763971072
2.29960665E7	548.39991804958
2.39746225E7	500.02993865030675
2.49531785E7	481.120097261867
2.59317345E7	847.8483612131103
2.69102905E7	9532.316447865833
2.78888465E7	824.6460019423762
2.88674025E7	1136.2594455742267
2.98459585E7	643.2482339643967
3.08245145E7	1232.4896584896585
3.18030705E7	799.0094667697064
3.27816265E7	719.3161724858713
3.37601825E7	8155.556377030028
3.47387385E7	1902.9289658463426
3.57172945E7	7583.3880635245905
3.66958505E7	5105.747377857463
3.76744065E7	1645.0846696200163
3.86529625E7	8728.383163780383
3.96315185E7	3043.4080400865505
4.06100745E7	3942.759367599944
4.15886305E7	1034.6069394782148
4.25671865E7	474.5801413164745
4.35457425E7	869.5210647261586
4.45242985E7	1348.846600331675
4.55028545E7	603.7974402730375
4.64814105E7	939.2660836976889
4.74599665E7	674.6671184320267
4.84385225E7	1554.1396573178904
4.94170785E7	402.06736124580897
5.03956345E7	501.33791795115013
5.13741905E7	367.6249344596563
5.23527465E7	850.2428092285801
5.33313025E7	869.1649598671464
5.43098585E7	596.5811023622048
5.52884145E7	689.7689335394127
5.62669705E7	902.3288760390315
5.72455265E7	1551.4832835263355
5.82240825E7	1813.592003815277
5.92026385E7	1081.839534223232
6.01811945E7	812.7531024137461
6.11597505E7	702.0096994141938
6.21383065E7	15964.473308581652
6.31168625E7	959.7609709662065
6.40954185E7	1193.6027906042964
6.50739745E7	17359.412144874124
6.60525305E7	4536.802259887006
6.70310865E7	5162.362841147656
6.80096425E7	929.1068594604126
6.89881985E7	528.1037783779448
6.99667545E7	1947.9172805402088
7.09453105E7	311.6989968692096
7.19238665E7	1189.4085001756234
7.29024225E7	920.4680715197957
7.38809785E7	3425.8533109194564
7.48595345E7	3756.141940804545
7.58380905E7	2682.5724655819777
7.68166465E7	1497.405071068693
7.77952025E7	1778.1772797527049
7.87737585E7	3630.689248464763
7.97523145E7	679.9863773965691
8.07308705E7	2894.8993746446845
8.17094265E7	3782.209475150952
8.26879825E7	1274.3491601343785
8.36665385E7	1588.880249009621
8.46450945E7	1892.3976506164224
8.56236505E7	3796.2531863180984
8.66022065E7	2287.1186693147965
8.75377665E7	1784.8540915199094
8.80270445E7	1435.0530612244897
8.85593185E7	1582.5903063557384
8.95378745E7	40765.9955549569
9.05164305E7	714.9727578818488
9.14949865E7	1646.344238975818
9.24735425E7	932.5863253455467
9.34520985E7	5585.543827367012
9.44306545E7	673.2216787630167
9.54092105E7	3495.3039365273116
9.63877665E7	3104.964045229323
9.73663225E7	1046.668265771168
9.83448785E7	909.7540281460331
9.93234345E7	1652.0663699690404
1.003019905E8	4402.11957247829
1.012805465E8	1441.459205951322
1.022591025E8	484.021560236998
1.032376585E8	1985.864689423615
1.042162145E8	1992.3048936715347
1.051947705E8	16826.156077141575
1.061733265E8	744.4501579778831
1.071518825E8	580.5109472989328
1.081304385E8	2336.5627247956404
1.091089945E8	647.4162733622805
1.100875505E8	346.8943780792333
1.110661065E8	611.8547353760446
1.120446625E8	913.4995330375905
1.130232185E8	1800.083281375256
1.140017745E8	1508.5118078175897
1.149803305E8	2784.4559409559292
1.159588865E8	2216.8671935878883
1.169374425E8	502.5241571609632
1.179159985E8	11046.068698160836
1.188945545E8	1992.6515878688858
1.198731105E8	5006.664760694621
1.208516665E8	936.5457836456559
1.218302225E8	925.4322506467375
1.228087785E8	2076.262729509748
1.237873345E8	2690.397934635921
1.247658905E8	10907.180682976554
1.257444465E8	2039.2368466949597
1.267230025E8	1696.139882234669
1.277015585E8	966.465530903328
1.286801145E8	561.0934300153813
1.296586705E8	421.03516162310865
1.306372265E8	439.5434183542681
1.316157825E8	589.2677290330772
1.325943385E8	1544.9729493891798
1.335728945E8	566.9877125617114
1.345514505E8	723.0285926225639
1.355300065E8	3256.0363712374583
1.365085625E8	643.467261514237
1.374871185E8	1278.7138568494233
1.384656745E8	3320.7849891828923
1.394442305E8	1110.0076371210369
1.404227865E8	482.5673553719008
1.414013425E8	631.9484474522293
1.423798985E8	953.2215473388505
1.433584545E8	925.7771503611293
1.443370105E8	883.5076583592938
1.453155665E8	458.49537366548043
1.462941225E8	762.0444384835479
1.472726785E8	945.2632688492064
1.482512345E8	1040.6263045540798
1.492297905E8	1984.5216208476518
1.502083465E8	2421.5048617939474
1.511869025E8	996.2076291646548
1.521654585E8	1105.7565625666928
1.531440145E8	9026.8878443015
1.541225705E8	777.7140032948929
1.551011265E8	2656.644491376276
1.560796825E8	1337.0371598796144
1.570582385E8	1841.2489092996557
1.580367945E8	837.8657081676354
1.590153505E8	3720.941428912024
1.599939065E8	1862.191088478676
1.609724625E8	3139.133512452206
1.619510185E8	7071.511471910969
1.629295745E8	1843.4857789269554
1.639081305E8	603.0896732649654
1.648866865E8	1821.8857454452143
1.658652425E8	820.7889462971661
1.668437985E8	1886.4962053263419
1.678223545E8	551.8793587836722
1.688009105E8	3438.446999031946
1.697794665E8	7848.364484086763
1.707580225E8	45092.22791712105
1.717365785E8	34589.72780861244
1.727151345E8	12129.28538758773
1.736936905E8	1339.1872198294805
1.744297225E8	9296.45265952217
1.749190005E8	29025.52099737533
1.756508025E8	8523.636403950817
1.766293585E8	11588.028685548294
1.776079145E8	16040.911045655375
1.785864705E8	1724.6973947895792
1.795650265E8	702.5316330074927
1.805435825E8	5797.464485425342
1.815221385E8	1085.548231929277
1.825006945E8	6567.009578344612
1.834792505E8	5176.302082715243
1.844578065E8	422.5344436891004
1.854363625E8	155966.3764540288
1.864149185E8	2129.4245147375987
1.873934745E8	582.3287882685876
1.883720305E8	8364.54619093539
1.893505865E8	1392.0434243176178
1.903291425E8	772.8135533553356
1.913076985E8	437.33921376456493
1.922862545E8	485.1764815331659
1.932648105E8	713.1409277745156
1.942433665E8	416.1156540834466
1.952219225E8	799.5264357338195
1.962004785E8	1080.1049559981473
1.971790345E8	484.79667770357486
1.981575905E8	572.4307582406368
1.991361465E8	1406.2027888446214
2.001147025E8	2356.398682957791
2.010932585E8	5049.357569721115
2.020718145E8	20240.27128718585
2.030503705E8	3463.978946170479
2.040289265E8	376.82278612118074
2.050074825E8	2090.31220657277
2.059860385E8	5943.8680129516015
2.069645945E8	573.1369107711423
2.079431505E8	693.4162202994095
2.089217065E8	1715.5410905002811
2.099002625E8	1912.3487599645705
2.108788185E8	1397.6653066775466
2.118573745E8	4380.428417032927
2.128359305E8	1035.1904565172485
2.138144865E8	5559.398986152324
2.147930425E8	857.2801595214357
2.157715985E8	2783.4741619301703
2.167501545E8	641.8042023711703
2.177287105E8	657.9628105973342
2.187072665E8	2815.4094809543744
2.196858225E8	561.6474074074074
2.206643785E8	16339.69284064665
2.216429345E8	826.172319806178
2.226214905E8	683.9100414408671
2.236000465E8	483.13080369911336
2.242797555E8	2115.61962212611
2.247690335E8	10188.567833026396
2.255571585E8	644.1557341252511
2.265357145E8	1773.2287777958124
2.275142705E8	38045.90986646884
2.284928265E8	16321.954137206192
2.294713825E8	451.91302500606946
2.304499385E8	1199.42277633048
2.314284945E8	2115.4289701864827
2.324070505E8	2927.5880019486394
2.333856065E8	1336.8274935297632
2.343641625E8	2705.979641693811
2.353427185E8	1710.302879229218
2.363212745E8	2379.4273768613975
2.372998305E8	1389.1105773547633
2.382783865E8	914.3309920983319
2.392569425E8	653.9793291731669
2.402354985E8	534.1357959075206
2.412140545E8	1225.359759208244
2.421926105E8	1540.232212559063
2.431711665E8	22977.234977385313
2.441497225E8	854.928846683182
2.451282785E8	655.5374282574185
2.461068345E8	568.5119349630996
2.470853905E8	627.5210659898477
2.480639465E8	1198.653203689853
2.490425025E8	634.6769293924466
2.500210585E8	1036.3936201717645
2.509996145E8	1949.6828712495253
2.519781705E8	792.5932852981757
2.529567265E8	1586.4256286404318
2.539352825E8	851.6955828098514
2.549138385E8	6202.979323984178
2.558923945E8	662.2897659952606
2.568709505E8	1161.242780589461
2.578495065E8	826.7278701504355
2.588280625E8	921.1475719685956
2.598066185E8	679.2431328499949
2.607851745E8	2783.267745130406
2.617637305E8	6227.450333481547
2.627422865E8	1032.5600495253818
2.637208425E8	3320.228083588175
2.646993985E8	1117.4084949008181
2.656779545E8	562.8610578240614
2.666565105E8	1222.521470670783
2.676350665E8	6795.371295615969
2.686136225E8	796.4155260265761
2.695921785E8	649.8567120454937
2.70511608E8	1167.4911042944784
2.71000886E8	346.51162790697674
2.715492905E8	7791.625436113488
2.725278465E8	5147.489392618425
2.735064025E8	2804.5872973691203
2.744849585E8	708.9305505899177
2.754635145E8	1514.9501427212178
2.764420705E8	4228.067675493905
2.774206265E8	424.024595924104
2.783991825E8	1217.540484539369
2.793777385E8	1480.7519388686133
2.803562945E8	792.9876201923076
2.813348505E8	694.2121785595012
2.823134065E8	906.8580121703855
2.832919625E8	877.7597846567968
2.842705185E8	1151.6854208851605
2.852490745E8	1136.5636577972382
2.862276305E8	2081.2528647822764
2.872061865E8	1860.8642476884281
2.881847425E8	4057.093058534289
2.891632985E8	728.5434738342497
2.901418545E8	592.3816283924843
2.911204105E8	14465.5442181141
2.920989665E8	2012.8100745700806
2.930775225E8	1019.1452442159383
2.940560785E8	466.15796291798233
2.950346345E8	777.5564022315962
2.960131905E8	3974.241822229834
2.969917465E8	703.5234666323776
2.979703025E8	1503.2213438735178
2.989488585E8	4555.176826568266
2.999274145E8	699.4187074337052
3.009059705E8	683.3402674591382
3.018845265E8	2411.313321836603
3.028630825E8	992.2967640094712
3.038416385E8	622.4971881759193
3.048201945E8	682.4888353209845
3.057987505E8	1148.0296869377473
3.067773065E8	4246.300195476124
3.077558625E8	656.9172172561213
3.087344185E8	1277.6855482933913
3.097129745E8	3444.444795435667
3.106915305E8	34761.70562079545
3.116700865E8	7297.220146672202
3.126486425E8	3226.2404766971695
3.136271985E8	767.103945538394
3.146057545E8	1783.3498510427012
3.155843105E8	2004.4945085891297
3.16365796E8	8638.505913454848
3.16855074E8	23530.349860335195
3.175414225E8	7903.336522363071
3.185199785E8	2237.1399131225376
3.194985345E8	1577.7095238095237
3.204770905E8	587.6912924379513
3.214556465E8	4523.353619047619
3.224342025E8	517.0224668814894
3.234127585E8	1349.3236999147484
3.243913145E8	962.5145303267816
3.253698705E8	4962.367724867725
3.263484265E8	1573.569782182782
3.273269825E8	670.5481110415362
3.283055385E8	890.5548938622611
3.292840945E8	701.7319120362598
3.302626505E8	1675.6531066264104
3.312412065E8	1262.4032892384698
3.322197625E8	485.6821615017216
3.331983185E8	993.3228683553335
3.341768745E8	2213.8825252811644
3.351554305E8	775.7408896268461
3.361339865E8	1114.7418884915905
3.371125425E8	3765.367693673133
3.380910985E8	4396.794104359611
3.390696545E8	461.9035091098186
3.400482105E8	6478.702340341135
3.40945784E8	778.4190154077414
3.41435062E8	492.54935622317595
3.420053225E8	45001.01951951952
3.429838785E8	4331.283522552931
3.439624345E8	33951.155951115834
3.449409905E8	8741.50280024891
3.459195465E8	1025.0240117793635
3.468981025E8	1452.166477057262
3.478766585E8	7070.169538692069
3.488552145E8	3587.2497701501684
3.498337705E8	1340.676320329087
3.508123265E8	4160.085150202401
3.517908825E8	495.4109561752988
3.527694385E8	817.9240636811362
3.537479945E8	6376.069508659196
3.547265505E8	2633.3628156483055
3.557051065E8	608.9503855179349
3.566836625E8	2238.2208910520403
3.576622185E8	3897.9181426814266
3.586407745E8	1104.1307328965413
3.596193305E8	740.9495922905857
3.605978865E8	14662.621561100448
3.615764425E8	1791.0371526379379
3.625549985E8	1378.4501439413766
3.635335545E8	643.1453241232731
3.645121105E8	1312.9698158768488
3.65242163E8	764.6913422131148
3.65731441E8	9154.758238466147
3.664692225E8	837.1651556957036
3.674477785E8	857.2601809954751
3.684263345E8	5522.957342915054
3.694048905E8	11433.252736638764
3.703834465E8	2310.92352173102
3.713620025E8	2974.821002386635
3.723405585E8	2266.4788574628956
3.733191145E8	608.4836517266716
3.742976705E8	1623.4507654116674
3.752762265E8	2268.593563218391
3.762547825E8	1604.1040177051414
3.772333385E8	2213.262985279536
3.782118945E8	2137.713693677806
3.791904505E8	2519.4252157238734
3.801690065E8	2970.4445242033644
3.811475625E8	30736.66890112521
3.821261185E8	3708.092641759909
3.831046745E8	2178.4129793510324
3.840832305E8	1174.7333735354928
3.849989605E8	11234.488808952838
3.854882385E8	273.6
3.860403425E8	7373.861696230599
3.870188985E8	2168.1717791411043
3.879974545E8	2964.455629506378
3.889760105E8	1323.9702643171806
3.899545665E8	5429.350616016427
3.909196135E8	6981.6252723311545
3.91408841E8	855.0451917799431
