# Position (bp)	A	C	G	T	N
0.0	31.661158788956484	21.44696721935979	21.708662059216454	25.05300127567349	0.13021065679377766
1.0	26.72554129895644	21.985782737511542	21.208945354030746	30.079730609501276	0.0
2.0	28.86241303178491	19.785837521593635	20.149734850311475	31.202007300854305	7.295455667959883E-6
3.0	29.78692930642619	19.372782457302986	19.64315520491957	31.196797744070555	3.352872807020741E-4
4.0	29.735771260799286	19.62370942216592	20.0874977157995	30.553014318013293	7.283221998360256E-6
5.0	29.526445750572773	19.718932518854263	20.38558783125878	30.36903389931419	0.0
6.0	29.77710457320868	19.815809309317284	20.30847390229337	30.098561290767993	5.09244126760175E-5
7.0	30.119803813547243	19.75117322686691	20.160362820444952	29.959286831644633	0.009373307496260858
8.0	29.9098938511357	19.81023825918654	20.35274491239171	29.926832190346804	2.907869392464664E-4
9.0	30.323227201971502	19.549149451444915	20.41958282864211	29.707982375186763	5.814275470778251E-5
10.0	30.18874464561992	19.465102271230165	20.104753899622256	30.240825113903767	5.740696238906559E-4
11.0	29.99016013556533	19.318633526698815	20.398068762219452	30.211551636110872	0.0815859394055292
12.0	30.263057334465483	19.176796718397927	20.28408460191454	30.043202374953726	0.23285897026832722
13.0	30.255676143164578	19.50890416561157	20.124718900505997	30.110235893305465	4.648974123955307E-4
14.0	30.144000864624022	19.699438560923962	20.328644287837868	29.827909023307512	7.2633066319654935E-6
15.0	30.101805506509415	19.490363819156208	20.30248077201589	29.962920390400672	0.14242951191781303
16.0	29.8895894929533	19.836537715685353	20.102689949679107	30.17046380576559	7.190359166429651E-4
17.0	30.0627991486171	19.729315667510953	20.36859365669479	29.8392552128174	3.63143597582277E-5
18.0	30.2485240775789	19.49330252562179	20.25460083912618	30.00357255767313	0.0
19.0	30.314640928456882	19.51577881816664	19.8605243359411	30.225498632906955	0.0835572845284228
20.0	30.696656726919574	19.43394861573443	19.776726814991573	30.09183263052073	8.352118336879716E-4
21.0	30.507736488407666	19.230148828093423	20.146012342387483	30.11610234111142	0.0
22.0	30.291042392425492	19.665911390884485	19.625138409528358	30.417907807161665	0.0
23.0	30.299500388447964	19.780531439809593	19.655074767426907	30.26489340431554	0.0
24.0	30.16919983321794	19.45309661281498	20.1145744235891	30.263114604854565	1.452552341452641E-5
25.0	29.997365060292765	19.935962540279426	19.804876468681112	30.261076914674433	7.190160722606795E-4
26.0	29.880874997185654	19.96876981391893	20.211283103089393	29.847894468117246	0.0911776176887774
27.0	30.172958444899923	19.807181267808986	20.3521498751914	29.667376320596528	3.34091503159743E-4
28.0	30.178505556596168	20.263424194966646	19.84532041078132	29.6250211804534	0.08772865720246902
29.0	30.22121421823088	20.00229655246947	19.885645922450028	29.766087197526176	0.12475610932345105
30.0	30.355062256570253	20.015047559089524	19.843109695238628	29.786286602617334	4.938864842588935E-4
31.0	30.38146671909656	19.959637501592432	19.67008676353802	29.98880175267315	7.263099835810365E-6
32.0	30.394817109818796	19.864169788200538	19.59023163085083	30.14910367617947	0.0016777949503601485
33.0	30.472763805634713	19.6747131790727	19.845000450685657	30.00547432359201	0.0020482410149223074
34.0	30.296470165080276	20.07131025123539	19.46716545637239	30.165054127311947	0.0
35.0	30.0469335229966	19.889896232868605	19.892627290910994	30.170542953223805	0.0
36.0	29.948689497918878	20.242236763381673	20.073714947611222	29.735358791088224	0.0
37.0	30.18780760334713	20.4995946501814	19.525876179921713	29.78672156654975	0.0
38.0	30.057976960303478	20.35006851241475	19.891989800424906	29.699964726856866	0.0
39.0	29.99947263559875	20.034951329931662	20.11877030825103	29.84680572621855	0.0
40.0	30.135194740515477	19.90809239082112	19.7727756124123	30.18392999209078	7.264160318274826E-6
41.0	30.187536685011594	20.199726278963	19.786086428434444	29.82643994118775	2.1066640321259E-4
42.0	30.382118491733195	20.14226086592661	19.76587558269216	29.709745059648036	0.0
43.0	30.29612476593673	20.054151932713282	19.480202470400418	30.169520830949565	0.0
44.0	30.25452816108188	20.070401251681133	19.768051617897832	29.907018969339163	0.0
45.0	29.992171587184362	19.751532352777705	20.0283929812376	30.227903078800335	0.0
46.0	29.997749100403055	19.848487864832098	20.07404282638008	30.079712942730808	7.265653960442584E-6
47.0	30.11009481882757	20.051889252260427	19.8589993455534	29.979016583358604	0.0
48.0	29.992405931758604	20.02197055280326	20.243042155689373	29.742581359748765	0.0
49.0	29.956714285361326	19.991792820381942	20.13578543958843	29.915707454668304	0.0
50.0	30.156067191936607	19.97142039669152	20.049311915854485	29.741907853853185	0.08129264166420122
51.0	30.093810607594023	19.807923553167157	20.337870813544924	29.760395025693896	0.0
52.0	30.113351737090838	19.945813581275267	19.891300081552195	30.049534600081696	0.0
53.0	30.385717272286634	19.785550605765348	19.71235050678893	30.116381615159092	0.0
54.0	30.391899849512548	19.714393724600697	19.91035455424455	29.98331552201697	3.634962523536382E-5
55.0	30.174834746210973	19.888634778129315	19.712378611217446	30.224151864442273	0.0
56.0	29.976338925997098	20.207192736714177	19.737563429297424	30.0789049079913	0.0
57.0	29.93314896852237	20.28405397594259	19.879349313330046	29.903345926052094	1.0181615289993494E-4
58.0	29.925571629033275	20.006026948007644	19.88003274889055	30.188368674068528	0.0
59.0	29.91522053232022	20.05126765444734	19.744659843637727	30.15266589693406	0.1361860726606532
60.0	29.889112554813412	19.9545812242623	19.945194774294077	30.16668952643177	0.04442192019843974
61.0	29.921001448881725	20.148495093103097	19.714463752193193	30.21603970582199	0.0
62.0	30.05889567550946	20.087200600546034	19.98219094475349	29.87170549949217	7.279698841770795E-6
63.0	30.116364325348254	19.847703948499486	19.889843354567603	30.146037399432856	5.097215180176726E-5
64.0	30.185235526248317	20.18783302798484	19.59370731531078	30.033209562302748	1.4568153317576418E-5
65.0	30.400507380709023	19.874325051113694	19.718814379410627	30.006353188766653	0.0
66.0	30.129455002000537	19.928826245345718	20.107128739415728	29.834502542164522	8.747107349822555E-5
67.0	29.996450872365653	19.895496531123342	20.053212850160964	30.054839746350037	0.0
68.0	29.90420225070104	19.994430626389654	20.13851646448809	29.96271204419722	1.386142239934364E-4
69.0	29.815179598751946	20.127611445061156	20.267342021387012	29.789845038031764	2.189676812461188E-5
70.0	29.890539561055498	20.408454638567306	19.795531682985743	29.90545951146839	1.4605923066951725E-5
71.0	30.01406605631669	20.322429758686276	19.655554440767755	29.968818500229123	0.039131244000149945
72.0	30.061424565555857	20.127202859157702	19.65889557165751	30.152469691354757	7.312274178692676E-6
73.0	30.19798466176858	20.103364751339168	19.698745719052777	29.999707285659927	1.9758217955097619E-4
74.0	30.0231461594682	20.206612596218644	19.896761815450485	29.873105902889545	3.735259731285415E-4
75.0	30.173865067230622	19.829580476464447	20.108742825205077	29.887789638267765	2.1992832096163218E-5
76.0	29.974064487353697	20.355066216167724	19.867616830704275	29.803252465774303	0.0
77.0	29.76660998499957	20.256321516771735	19.937146454315254	29.916680373653815	0.1232416702596237
78.0	30.105524468715096	20.12259142360144	20.058820172278725	29.713063935404744	0.0
79.0	29.888268423817856	20.399313270715737	19.861954601200342	29.850463704266065	0.0
80.0	30.329644806476765	20.20272335311239	19.833089090550477	29.63450588302522	3.68668351481033E-5
81.0	30.275678230177366	20.241009850398004	19.97462082613383	29.5086910932908	0.0
82.0	29.89006058948481	20.36874806458372	19.731975306843218	30.009216039088255	0.0
83.0	29.927593384899044	20.449146994875413	19.723902777680017	29.899356842545526	0.0
84.0	29.89816451453158	20.241449788475887	19.91236608959916	29.948019607393373	0.0
85.0	30.139128895263163	20.23558108239796	19.68305272734441	29.942237294994467	0.0
86.0	30.204198784148527	20.22749968409034	19.773640945470078	29.794660586291048	0.0
87.0	29.879897416377315	20.359102458311114	19.9051936153419	29.85547025352167	3.362564479976041E-4
88.0	29.957080715640004	20.612312526816126	19.656062961267327	29.774536305738593	7.490537952458454E-6
89.0	29.773113370024255	20.465333070708212	19.94912151370593	29.811921413411767	5.106321498356928E-4
90.0	29.83714744192098	20.410525662710402	20.021532666888334	29.729438930893075	0.001355297587208882
91.0	30.003750221506188	20.111893562869742	20.026817066127798	29.85753914949627	0.0
92.0	30.424272154769618	19.828456143151417	19.984080858515924	29.76319084356305	0.0
93.0	30.080902142797296	19.87654517000222	20.209909371094607	29.832643316105884	0.0
94.0	30.080104685022167	20.15364292488403	19.722280686334546	29.95598713208488	0.08798457167438024
95.0	29.99882713437253	20.487644323487203	19.811750858858208	29.701441048659692	3.366346223659584E-4
96.0	30.06362781861775	20.426727016928275	19.822051924766665	29.687577879738825	1.5359948488876748E-5
97.0	30.022809469075373	20.481829988037056	19.620584404750264	29.789988505828656	0.08478763230864456
98.0	30.05857381968714	20.040798702095934	20.002681517608917	29.897860808489945	8.515211806604368E-5
99.0	29.863740406184906	19.91791793021166	20.255331374156825	29.779107214660883	0.1839030747857217
100.0	29.97824664577577	20.040614170299314	19.815408299399085	30.165598199289633	1.326852361996232E-4
101.0	30.03819851627023	19.934334296984254	19.909132526040523	30.11812301286192	2.116478430733148E-4
102.0	30.154750056690773	20.145340963491144	19.925853196099673	29.773937677946034	1.1810577238025648E-4
103.0	30.230396150654766	20.346699546015994	19.760290687700465	29.662589887828407	2.3727800368840748E-5
104.0	30.504552889875562	19.990319188636434	19.736752180765272	29.76834395345836	3.178726436895605E-5
105.0	30.145877661082537	20.126833333945623	19.811339289151285	29.91507121377197	8.785020485869134E-4
106.0	30.056599535367123	19.935452670242157	19.77490722354962	30.232976346239965	6.422460113712867E-5
107.0	30.097332388027	19.804657315020645	19.839827875695715	30.258166280567945	1.6140688698975752E-5
108.0	30.1063877179064	19.881712443920037	20.041242494034055	29.97053562741765	1.2171672185708558E-4
109.0	30.190962992986027	20.086538213647376	19.416599685867393	30.305882790617535	1.631688167421649E-5
110.0	30.198483526146212	20.050182751176234	19.500575813849718	30.250757908827836	0.0
111.0	30.175606101101227	20.245545236381346	19.736812266063115	29.841887959997365	1.4843645695041753E-4
112.0	30.026618245633646	20.123869661559965	19.623860250105867	30.225602090520276	4.975218024418867E-5
113.0	29.905757428352114	20.265004495007467	19.652796318212843	30.140821888476786	0.035619869950787544
114.0	30.022980771424006	20.248672676798645	19.75340870820626	29.971466073256703	0.003471770314384735
115.0	30.230883158770823	20.014393023180276	19.5043434279946	30.250380390054303	0.0
116.0	29.976403170148103	20.050429544134172	19.71599256934996	30.256996454109014	1.782622587559875E-4
117.0	30.1035089888081	19.853864536917758	20.100259996290525	29.90753570623982	0.034830771743794856
118.0	30.030778383601824	20.38085240647412	19.72076784329504	29.862700897731514	0.004900468897497666
119.0	29.975509729492728	20.374749240324057	19.623015248195415	30.026691176546922	3.460544087504702E-5
120.0	30.28943402567078	20.21484893624616	19.749952334146773	29.743387940843846	0.0023767630924386722
121.0	30.00694780073767	20.189269971072584	19.74787306277821	30.05454255727249	0.0013666081390450195
122.0	29.988950878217413	20.324230986765738	19.86747400891123	29.816602561661398	0.002741564444218772
123.0	30.09591140138057	20.227425975093038	19.748787124450804	29.899346121934165	0.02852937714142206
124.0	30.104656018303622	20.32027943270276	19.56781570526857	29.979267717682045	0.027981126043008973
125.0	30.192812919851765	20.300127772471154	19.718697407569014	29.72797246284809	0.060389437259977155
126.0	30.379088164208028	19.982871614860784	19.769898193636017	29.85013025048951	0.018011776805664785
127.0	29.821811705558197	20.246546975173953	19.655964431611242	30.25817706538918	0.017499822267430097
128.0	30.178568314267018	20.012648665418933	19.92425487152609	29.867501099185546	0.01702704960241151
129.0	30.04868798147882	20.332039313502047	19.807091391375454	29.81078542141247	0.0013958922312033867
130.0	29.91462493105453	20.43068899289522	19.6791321566888	29.97521873544045	3.351839210038535E-4
131.0	29.98857170502679	20.342786968199636	19.795580815503403	29.871841643154234	0.0012188681159383602
132.0	30.00844804039648	20.36562280264543	20.01746457177425	29.605168848431806	0.003295736752035377
133.0	30.240088021717042	20.226752176122567	19.758375897358977	29.774127622549056	6.562822523492765E-4
134.0	30.140778085461346	20.37321038169039	19.656630123082262	29.82922811622065	1.5329354535491334E-4
135.0	30.071750640689356	20.23435864233348	19.917500380511918	29.721641045530863	0.054749290934390474
136.0	30.18757170317652	20.137765751956838	19.701265802028274	29.97129823231234	0.0020985105260311935
137.0	29.75913471370486	20.425015139311963	19.583749124343388	30.228614784490393	0.0034862381493975217
138.0	28.93089805884249	20.89067432192222	19.110234510586004	31.068193108649282	0.0
139.0	31.868878552459247	21.46906976068869	14.837624580256135	31.823437878439602	9.892281563265554E-4
140.0	36.71296478619649	25.432704793954446	0.0	37.85433041984907	0.0
