#Position (bp)	Coverage	Std
489278.5	1964.593990789124	501.5203333712049
1467834.5	2231.2958860035683	419.1273119439616
2446390.5	404.9787288664666	557.325633768919
3424946.5	258.6565499090581	41.11919774194967
4403502.5	142.72398141366997	72.26301763759065
5382058.5	550.7194453338044	164.47185282140256
6360614.5	530.0673087997876	816.0771616906807
7339170.5	121.99530747813738	50.843127051753875
8317726.5	137.95129043984005	52.89417945539224
9296282.5	435.4197995524194	74.25688784314387
1.02748385E7	634.9487272563035	371.4985574976166
1.12533945E7	206.3659565664941	781.5197633796722
1.22319505E7	238.68779680688945	660.458899477621
1.32105065E7	137.42802135475748	93.07576825992678
1.41890625E7	472.6713619577611	289.424111128465
1.51676185E7	307.5974357729409	624.2427794690881
1.61461745E7	174.8473926802257	207.73253455585223
1.71247305E7	508.8387598581868	884.1505500951685
1.81032865E7	245.0096478218245	193.02832584917803
1.90818425E7	138.31265581108843	142.21198566470218
2.00603985E7	206.98423635034973	170.45203305822446
2.10389545E7	598.8977371758805	1820.4515723710015
2.20175105E7	673.3497766233293	336.44427141373365
2.29960665E7	301.3102327753182	196.77293632548654
2.39746225E7	459.17982198709973	960.9447016646337
2.49531785E7	220.3223305568475	266.3292260465009
2.59317345E7	138.4467620007986	184.5342515581313
2.69102905E7	418.1973579594386	217.91042042620987
2.78888465E7	270.7059380080488	127.32908239829524
2.88674025E7	312.48641789821096	188.05395636513532
2.98459585E7	191.51001555517593	186.9425611298655
3.08245145E7	251.6970700203334	183.63936582135725
3.18030705E7	915.6078700814452	677.0195735785743
3.27816265E7	225.68248723340344	763.7811971453383
3.37601825E7	449.8445306010601	695.6694769954395
3.47387385E7	664.4966873134588	204.92159954946482
3.57172945E7	488.2340557804838	235.94018999890002
3.66958505E7	273.2090368852048	252.1292365551821
3.76744065E7	518.9445105909816	293.1137222897418
3.86529625E7	209.35896267522787	255.55951568455575
3.96315185E7	217.36144955659566	404.6774826719012
4.06100745E7	661.7901751230704	1301.878305701233
4.15886305E7	303.859271924299	135.98833020413346
4.25671865E7	479.5283669901785	1225.2453218106084
4.35457425E7	547.9273165690665	283.17970471281586
4.45242985E7	469.88426440223316	969.0496221592149
4.55028545E7	251.6048562099795	201.9377218934549
4.64814105E7	336.42141055275056	160.4381849165888
4.74599665E7	176.573317539126	374.15843702763374
4.84385225E7	302.5756706797809	242.8939838144032
4.94170785E7	876.350515978612	1395.1850862866288
5.03956345E7	229.44723590180323	197.17503651919262
5.13741905E7	279.3203964388303	816.6907419774459
5.23527465E7	299.21849222834186	161.77663725227404
5.33313025E7	340.08712387853353	399.70767095502674
5.43098585E7	384.1671207909295	439.14421484969216
5.52884145E7	125.86775811774801	85.18513700318078
5.62669705E7	288.54453939119713	147.42855283883281
5.72455265E7	288.5911483401261	222.14580144638774
5.82240825E7	367.9685458774086	244.64295868386904
5.92026385E7	343.75702827031563	141.4009369641869
6.01811945E7	249.48553030480284	868.8382381137942
6.11597505E7	298.30701903246177	165.09768766197553
6.21383065E7	389.5064084985633	501.1106014568374
6.31168625E7	417.65787287581963	210.16505776819773
6.40954185E7	391.6363177160215	161.71764869789462
6.50739745E7	36899.93836041258	6905.232353011416
6.60525305E7	275.4971110642508	345.88582541875587
6.70310865E7	374.6258021910349	126.11865368423486
6.80096425E7	221.0568361158943	103.76687651463459
6.89881985E7	688.7690227512769	1490.4545594142228
6.99667545E7	382.93772237752626	348.81140516008503
7.09453105E7	627.5448394217794	3323.030823992287
7.19238665E7	331.84451782940874	188.89455098397625
7.29024225E7	136.9144538129128	124.45968929570122
7.38809785E7	461.9859756258489	721.5783056880117
7.48595345E7	406.02376508580386	297.67011443073784
7.58380905E7	222.74271510287204	351.4835410498812
7.68166465E7	558.4525752006507	1370.3170523670894
7.77952025E7	217.66387286026486	95.18719668172616
7.87737585E7	448.64197775531727	251.74892073531495
7.97523145E7	151.10803534593103	64.487514916896
8.07308705E7	217.93028702709154	73.83856114838419
8.17094265E7	145.14427520984705	99.7314301941306
8.26879825E7	331.2166314583044	165.75938574158894
8.36665385E7	369.48463919937757	284.0277676061056
8.46450945E7	449.69468927243054	317.61194772263326
8.56236505E7	324.65226815537915	890.8125402680625
8.66022065E7	263.84098411202814	147.07340184100494
8.75377665E7	546.8396426549542	786.7084222835041
8.80270445E7	499.57025885690337	102.82534025098104
8.85593185E7	172.68884221968864	98.8063946798681
8.95378745E7	223.83560540296537	154.2107129445101
9.05164305E7	279.72091117311857	584.3510377074075
9.14949865E7	335.79731059414786	222.603438338357
9.24735425E7	342.16834254576816	405.6999692903898
9.34520985E7	203.7132969499021	107.71898230804764
9.44306545E7	135.06229383726327	173.76015968366445
9.54092105E7	174.05050939016388	63.78533766542771
9.63877665E7	257.5392565170446	126.18708963287928
9.73663225E7	468.7521230428302	212.6140037429728
9.83448785E7	268.78815356032356	691.8999306843092
9.93234345E7	198.92625199451334	87.47218793567107
1.003019905E8	121.63673120573414	62.48665879789481
1.012805465E8	270.4368335193935	536.460988636737
1.022591025E8	409.9849936245988	856.839979612413
1.032376585E8	408.08574602638896	169.61146514033658
1.042162145E8	247.05036120261718	187.14332881961639
1.051947705E8	216.851274395975	95.07824680732244
1.061733265E8	209.58029677439998	679.3885909977445
1.071518825E8	312.248291571754	189.5898904336348
1.081304385E8	401.0179754635863	693.1554278248911
1.091089945E8	279.4104585410888	337.0501401760749
1.100875505E8	258.296186689743	762.1875069603378
1.110661065E8	214.36331544265383	234.62412855366236
1.120446625E8	214.47716933755044	143.93661565264347
1.130232185E8	311.1946772804036	174.51836082145948
1.140017745E8	551.9631837645371	1110.1604246883705
1.149803305E8	927.2446923126921	1493.05749252253
1.159588865E8	477.6718626654332	915.0356615115342
1.169374425E8	343.74624747144514	1008.57784959988
1.179159985E8	450.4415142501187	464.200159355539
1.188945545E8	369.3788866315734	113.53428709657238
1.198731105E8	394.7594405863147	132.22207020738182
1.208516665E8	245.5126787350721	189.8894494827588
1.218302225E8	383.43711365523154	860.0810517988917
1.228087785E8	392.61017350858657	335.4336947095371
1.237873345E8	662.8685786798196	327.0826453902681
1.247658905E8	641.1852290549101	192.53998386218348
1.257444465E8	519.3017532424271	617.4084407522121
1.267230025E8	404.9901478430522	244.47755047338632
1.277015585E8	242.43323727873135	135.12194436932347
1.286801145E8	449.51429402704787	954.594839768778
1.296586705E8	414.14790120696046	1318.5904356090437
1.306372265E8	670.5513629432919	1167.9917534995675
1.316157825E8	327.5062230881666	674.0996096545705
1.325943385E8	213.55934747782223	143.3851376426804
1.335728945E8	226.64280950433067	163.2229209796655
1.345514505E8	324.9776284029669	643.0814070655883
1.355300065E8	500.86122333434434	168.822968702321
1.365085625E8	325.55153778937853	153.30983921597593
1.374871185E8	372.15984051940734	190.32150693923603
1.384656745E8	222.19041818999779	99.65019372192651
1.394442305E8	196.44694730496357	198.33243156924837
1.404227865E8	238.47919211952694	205.73911517962105
1.414013425E8	290.37274363888264	318.3533253860171
1.423798985E8	587.5076595509346	309.66004837759533
1.433584545E8	323.6459243809765	182.39192821254656
1.443370105E8	579.3358175685222	803.3319667772839
1.453155665E8	152.98888158586135	129.88768032387136
1.462941225E8	431.930023690676	341.5426369959848
1.472726785E8	330.4118619714033	246.9902190495754
1.482512345E8	218.56019727411493	176.03613824985774
1.492297905E8	417.3372498320337	576.9917895796228
1.502083465E8	226.09861083936607	270.6624231148642
1.511869025E8	222.28273626643727	158.59057144022066
1.521654585E8	359.49916296943115	718.8011841626524
1.531440145E8	257.58775217287297	197.2677498753434
1.541225705E8	236.9307017491098	162.30303049352185
1.551011265E8	590.3255046409716	212.17398018241565
1.560796825E8	728.9065613376877	654.8651236352555
1.570582385E8	364.22350661617367	237.1811047848404
1.580367945E8	317.8214410213544	166.06655818641383
1.590153505E8	324.62377162032794	331.09207396149185
1.599939065E8	149.7854500765922	215.9923747127425
1.609724625E8	752.2429527475252	928.6207540146003
1.619510185E8	452.0531034860282	248.79723584787575
1.629295745E8	259.8290468431174	131.47609118774466
1.639081305E8	271.4180516366553	221.93192313705293
1.648866865E8	304.6576800288955	1494.3820336864665
1.658652425E8	333.4615021416476	398.02110944730316
1.668437985E8	4052.042834087663	1741.0716508778173
1.678223545E8	165.1216614564055	204.87606022656004
1.688009105E8	167.50634653344457	105.6053965152118
1.697794665E8	320.2963239180018	201.76757633175833
1.707580225E8	378.2538537499791	150.40501670526342
1.717365785E8	2603.276762765593	1111.5152242056959
1.727151345E8	674.8433442743682	323.8776103466238
1.736936905E8	427.2663107321106	289.13154087328996
1.744297225E8	1236.727712615362	888.1728088941651
1.749190005E8	2401.287162965964	588.0811443137945
1.756508025E8	12508.1145652402	1169.6601012580857
1.766293585E8	5401.479486397313	1546.487323945381
1.776079145E8	182.10690739594455	70.02990849099669
1.785864705E8	442.5990955631123	221.9657618048914
1.795650265E8	295.1854996217493	1339.2160768415595
1.805435825E8	856.0212228838711	245.55534082450149
1.815221385E8	271.83764174493916	158.6977289695666
1.825006945E8	320.690978492027	273.0773770110643
1.834792505E8	454.8336733991604	167.55525152331347
1.844578065E8	221.04330612876828	305.33437066884454
1.854363625E8	363.5945271205945	23.97620119514551
1.864149185E8	326.6656564949302	309.8582966896379
1.873934745E8	220.19931062735736	106.96497313353855
1.883720305E8	261.2581808011436	145.63973753917188
1.893505865E8	336.06294630768343	351.799479299265
1.903291425E8	911.8697379316519	1156.9591976488455
1.913076985E8	309.66199401218756	202.3133411205815
1.922862545E8	502.90851130503836	1237.4119006872045
1.932648105E8	216.23489842208917	126.87493092489262
1.942433665E8	215.96612220422907	454.28211274022505
1.952219225E8	344.46907654404896	319.98618535124706
1.962004785E8	481.3727982232932	403.09600621821124
1.971790345E8	292.65161496783304	1065.7216560027687
1.981575905E8	377.78767386022986	269.6137726447897
1.991361465E8	291.9324472964914	321.968730316533
2.001147025E8	331.6497597530707	206.00423861226605
2.010932585E8	383.77325994872274	184.50430696796468
2.020718145E8	1689.7960690659052	1313.2715946492044
2.030503705E8	274.56055767315684	226.16913609248925
2.040289265E8	398.7054150319661	999.5591605856101
2.050074825E8	232.7315279872757	183.34729372871237
2.059860385E8	299.44600484165176	205.97635604443272
2.069645945E8	327.4556178511444	438.8397093734507
2.079431505E8	281.7909544233095	1263.5401179821583
2.089217065E8	215.3257671325575	143.09830860049024
2.099002625E8	889.2947481537013	102.60217704917513
2.108788185E8	395.8483385748068	141.72380227469694
2.118573745E8	403.09310040621364	305.82903049337745
2.128359305E8	183.5399887725731	116.36186899592005
2.138144865E8	356.4868793836572	155.6597223393401
2.147930425E8	467.8259494340869	376.18906424748957
2.157715985E8	235.1382624538118	437.8064263056389
2.167501545E8	268.2462605151289	192.03284368387426
2.177287105E8	261.03908447447594	181.97434117249523
2.187072665E8	245.30338153106558	579.2527931722414
2.196858225E8	254.14299613086644	390.49180952786213
2.206643785E8	328.21015007818687	86.1989217695062
2.216429345E8	369.6473707648165	169.00954497186544
2.226214905E8	436.1095716686218	1190.034391077912
2.236000465E8	300.80419483630556	535.88174716392
2.242797555E8	669.318746295516	316.56116811902626
2.247690335E8	714.1160941542734	101.64300876629305
2.255571585E8	545.8155423209977	330.49613519634806
2.265357145E8	212.52237525787316	710.1788113022108
2.275142705E8	1459.9129432489153	100.21310388254373
2.284928265E8	181.95034772107508	108.98267858434448
2.294713825E8	420.52127933778246	435.4497561116025
2.304499385E8	261.0570369464385	88.326469691605
2.314284945E8	317.97320061780187	736.3339704979302
2.324070505E8	236.77515828856485	558.0210662287345
2.333856065E8	280.7474616874741	230.92211275710127
2.343641625E8	171.00958891354614	159.56824553058087
2.353427185E8	274.3052857420242	918.7676932235055
2.363212745E8	261.05718826347874	196.24099976841708
2.372998305E8	481.0450715441724	708.4625035537049
2.382783865E8	153.84961374796794	181.8046273858966
2.392569425E8	297.6841285267808	155.84029151302263
2.402354985E8	149.42520406962674	93.78792307266598
2.412140545E8	255.89221040742476	468.6524497301544
2.421926105E8	349.32020233370025	728.8688136724885
2.431711665E8	391.48056559561695	42.65274261245699
2.441497225E8	238.59197785939722	155.28644516451357
2.451282785E8	319.8087960585725	212.6232733070587
2.461068345E8	400.5858231488138	1031.0832435197765
2.470853905E8	311.50810927442075	277.14558029469475
2.480639465E8	96.15849021369213	67.50208674625233
2.490425025E8	170.19729363589963	100.64193021717607
2.500210585E8	1630.1202069547116	1145.5410351200244
2.509996145E8	338.20217090135253	407.1143023378362
2.519781705E8	338.6668281325687	201.31928350423908
2.529567265E8	297.6783514118818	674.3081708218283
2.539352825E8	347.89967879779624	215.2701384894615
2.549138385E8	376.44395393044124	195.55060474376356
2.558923945E8	475.02412476696173	631.4169619346911
2.568709505E8	179.3998356936077	137.9698237109573
2.578495065E8	657.1214894295767	333.5019270130726
2.588280625E8	220.03658337155025	160.906296526264
2.598066185E8	470.77085879445127	1500.136056203108
2.607851745E8	465.5803308259646	2241.5075824355213
2.617637305E8	219.9642490898836	701.0748570888946
2.627422865E8	309.586725169373	604.0672378382869
2.637208425E8	99.94220985733222	97.11296507008728
2.646993985E8	466.6622624403594	190.46539741346436
2.656779545E8	174.93944538766272	66.2019804253563
2.666565105E8	89.5098375330081	111.28399888840214
2.676350665E8	240.8882171000482	166.941162881956
2.686136225E8	281.34602003519694	266.0682487882691
2.695921785E8	421.107842530514	1246.72978804649
2.70511608E8	450.7559901154894	876.2637531428956
2.71000886E8	16.72117493472585	3.5457961674060865
2.715492905E8	2845.7494631965083	1372.4515140682354
2.725278465E8	1659.4207272646988	130.29626050197732
2.735064025E8	3878.9992137012555	543.567952059582
2.744849585E8	313.9127315986636	623.7355074753849
2.754635145E8	193.3156733987926	149.22606215599365
2.764420705E8	551.4685060565276	291.4120000650266
2.774206265E8	240.917694185165	703.6058667608846
2.783991825E8	202.99914444798074	131.32275795510742
2.793777385E8	162.59657128277595	286.05896619226684
2.803562945E8	200.20531900138695	370.4843167936572
2.813348505E8	202.84446777492803	256.9929322944385
2.823134065E8	155.52820631784877	80.18205322020117
2.832919625E8	465.51646858813433	612.5832218340249
2.842705185E8	262.38274706123747	107.73614565177931
2.852490745E8	178.00747997122915	159.39484951178045
2.862276305E8	209.56873928165447	174.99673712397785
2.872061865E8	261.1140345713481	140.05049564601845
2.881847425E8	2217.8318036906653	623.3624852255582
2.891632985E8	173.57968096257343	90.37974696974248
2.901418545E8	304.6817922762202	198.0009652108304
2.911204105E8	502.92564899151836	384.8145893966988
2.920989665E8	206.85867482925204	192.34942754801875
2.930775225E8	356.19717052931577	174.53214709797086
2.940560785E8	306.79715292059024	957.4528673640749
2.950346345E8	243.2205141580312	129.32734642354927
2.960131905E8	295.3589846011884	196.1759471834409
2.969917465E8	231.84553859996885	129.07463312395862
2.979703025E8	165.20055717311487	173.9367206572936
2.989488585E8	178.72861128881942	107.89318767283896
2.999274145E8	257.87950956635405	642.5145821581023
3.009059705E8	110.37862954125167	117.24361921482942
3.018845265E8	710.4752582683318	781.3828944216049
3.028630825E8	264.4834311325328	240.5004099995894
3.038416385E8	252.20305613090773	260.1467732194895
3.048201945E8	213.94399090384033	124.76381709716527
3.057987505E8	297.13830702753523	195.72240273025918
3.067773065E8	163.379414827784	325.15326224699146
3.077558625E8	228.59222059864	201.75512520741506
3.087344185E8	2174.2534227095034	141.63882835678203
3.097129745E8	2240.3759025041686	157.2556303662829
3.106915305E8	90468.40964316904	134.54420990864386
3.116700865E8	452.70967410679685	108.17287272566536
3.126486425E8	235.89580181414817	148.92636818231213
3.136271985E8	501.31633810468435	733.5966258237578
3.146057545E8	6989.835177846114	3216.982755540714
3.155843105E8	311.74700150293216	165.50309356077992
3.16365796E8	417.74935229615573	210.20378993990565
3.16855074E8	696.6097038260198	90.34765186123094
3.175414225E8	708.4463934923923	239.19034394073253
3.185199785E8	423.2079185765631	176.97878955809867
3.194985345E8	256.6215202704083	184.4132732609802
3.204770905E8	389.1291682824778	555.9581029079264
3.214556465E8	368.5384235395189	339.9526786613773
3.224342025E8	355.2527827683756	464.5930586044722
3.234127585E8	576.3554999101926	193.84073614789338
3.243913145E8	356.9039858473414	147.7370594793945
3.253698705E8	471.9472930320723	1711.7646454892604
3.263484265E8	455.12645210940457	459.7553158190668
3.273269825E8	375.5659531059856	333.7569445841677
3.283055385E8	492.92558420853373	614.7350811052057
3.292840945E8	213.06685524213614	167.70140226405567
3.302626505E8	258.58711986305303	184.63536278967646
3.312412065E8	252.95592216771018	164.272960204543
3.322197625E8	615.2310373306464	1152.1306126023812
3.331983185E8	298.1477281977466	213.92901323155434
3.341768745E8	245.39057909413756	384.73276589461847
3.351554305E8	246.98957116415116	747.1362065547307
3.361339865E8	258.1234994533272	238.53276432034858
3.371125425E8	340.6318197363303	212.126750911454
3.380910985E8	378.09578289341505	212.8938630377445
3.390696545E8	399.79843907707306	1475.2748794701229
3.400482105E8	515.1668867304967	1449.6117999806258
3.40945784E8	394.02231790200335	347.8515829718756
3.41435062E8	308.56508229002947	353.740496298245
3.420053225E8	788.0848659177387	167.16385563665938
3.429838785E8	3444.3800093352	106.47543764460711
3.439624345E8	1445.451750615161	125.24727401494802
3.449409905E8	797.9942025133516	48.26401737593214
3.459195465E8	792.1874548706215	622.6470737319725
3.468981025E8	280.1862486640542	287.03495168436586
3.478766585E8	243.06611221458166	125.61850033958181
3.488552145E8	485.65869821380653	635.2602133778742
3.498337705E8	987.5871727493172	1075.141270273548
3.508123265E8	592.1672209180307	480.7596491452256
3.517908825E8	200.91032286012793	109.32364445852092
3.527694385E8	333.2876472397709	184.57243447944214
3.537479945E8	263.4849014748791	105.73235901991663
3.547265505E8	269.36884479204747	153.69696765946713
3.557051065E8	224.33750313822625	132.90094648207796
3.566836625E8	207.34494404359043	116.39036542980595
3.576622185E8	27540.48604304769	4060.61299918544
3.586407745E8	491.4576213575453	132.9562894466792
3.596193305E8	440.11730877384383	1118.1791547935302
3.605978865E8	371.2771807544537	95.85301040500387
3.615764425E8	272.7202838598372	754.456379128168
3.625549985E8	179.8589042444253	187.3377688933523
3.635335545E8	604.047567030584	545.3158088635115
3.645121105E8	255.49244854425845	207.77768708678346
3.65242163E8	356.99920608003947	126.05750663781374
3.65731441E8	1862.2947344768181	224.37526667646023
3.664692225E8	118.62057930906174	66.87880619489218
3.674477785E8	199.83297169682578	83.76572517038484
3.684263345E8	364.5307220369239	311.7785992533137
3.694048905E8	179.714410758189	102.44795712736925
3.703834465E8	197.73765822695216	173.25166524349723
3.713620025E8	253.15570703566132	81.22239077439231
3.723405585E8	522.6913571730772	558.4383495402582
3.733191145E8	153.60722613159902	94.86034882957037
3.742976705E8	303.16834607643307	144.68385940996376
3.752762265E8	95.8998823586095	202.79029049929736
3.762547825E8	218.92973330781754	117.20121305856178
3.772333385E8	549.0325255828074	492.9829608102892
3.782118945E8	471.6302794101852	304.22326432149316
3.791904505E8	134.16893585299655	113.59042538410475
3.801690065E8	711.6506379693956	1357.9107326813785
3.811475625E8	406.3661062861911	241.25881933347043
3.821261185E8	395.7120511406445	212.46086210599537
3.831046745E8	257.3709820844387	191.46777324462002
3.840832305E8	309.40781592101456	701.2094913514262
3.849989605E8	848.6299158847146	50.09932275021118
3.854882385E8	37.74385138670853	3.558128159634221
3.860403425E8	139.8797869562947	51.283851162090905
3.870188985E8	63.573371753798796	10.560519781324286
3.879974545E8	549.8488486254909	164.6213823774017
3.889760105E8	127.96596875332129	71.56508634521927
3.899545665E8	539.3316617879937	70.18734079338799
3.909196135E8	100.46190706424697	88.41301239755235
3.91408841E8	22233.34529531133	12788.795629360582
