#Position (bp)	insert size
489278.5	84146.35602740376
1467834.5	48087.34002846201
2446390.5	3126.9472097304997
3424946.5	2591.7615077355836
4403502.5	4590.170992470599
5382058.5	8076.753569707725
6360614.5	1829.6763181990143
7339170.5	3160.062730238922
8317726.5	8309.505694108666
9296282.5	10470.20467387513
1.02748385E7	2827.9622773491024
1.12533945E7	1290.995385258021
1.22319505E7	1737.9487271187238
1.32105065E7	2342.991934854437
1.41890625E7	2630.4749102400156
1.51676185E7	2402.6913398952215
1.61461745E7	3901.049748136208
1.71247305E7	1238.3112165955408
1.81032865E7	1949.3262515262516
1.90818425E7	2592.4517018651572
2.00603985E7	1760.7541400623181
2.10389545E7	1025.8124076737558
2.20175105E7	3023.0006657283066
2.29960665E7	2021.692689046723
2.39746225E7	1123.363238881665
2.49531785E7	1623.41642018085
2.59317345E7	1696.4882181386465
2.69102905E7	5351.893167961866
2.78888465E7	2526.504439076672
2.88674025E7	2294.385495798658
2.98459585E7	1984.7057277493861
3.08245145E7	2537.2020549146123
3.18030705E7	3002.622262009066
3.27816265E7	1720.0614218602261
3.37601825E7	2249.5276269523883
3.47387385E7	7056.863025338387
3.57172945E7	8594.057991236445
3.66958505E7	2686.2288102211032
3.76744065E7	3234.4021253038577
3.86529625E7	2284.847687207433
3.96315185E7	3075.3984307753426
4.06100745E7	3448.530627889258
4.15886305E7	2559.2217678677057
4.25671865E7	3575.860400160286
4.35457425E7	2776.5786432308505
4.45242985E7	5259.220569933305
4.55028545E7	1729.192080383055
4.64814105E7	2468.0583453177555
4.74599665E7	1609.838004646386
4.84385225E7	2369.187390217381
4.94170785E7	1103.999323777475
5.03956345E7	1451.2344229455425
5.13741905E7	1138.1427825559722
5.23527465E7	2581.0052296833683
5.33313025E7	2468.8932007061962
5.43098585E7	1923.2599223817942
5.52884145E7	2705.079730192607
5.62669705E7	2469.5150496650494
5.72455265E7	3630.086083623072
5.82240825E7	2438.7294877406375
5.92026385E7	3809.2736045662705
6.01811945E7	1798.613692869234
6.11597505E7	2674.5943150767966
6.21383065E7	8813.22059573649
6.31168625E7	4506.010664661017
6.40954185E7	4787.984742932811
6.50739745E7	35034.60912344476
6.60525305E7	4012.4478136466155
6.70310865E7	5545.904825133646
6.80096425E7	3553.8835935500383
6.89881985E7	1396.9872489001168
6.99667545E7	2973.5080742967607
7.09453105E7	625.8845110566751
7.19238665E7	3108.298496708879
7.29024225E7	2499.8164172221523
7.38809785E7	1724.6868233467428
7.48595345E7	3692.1219165788075
7.58380905E7	3528.09742428531
7.68166465E7	4559.452763400559
7.77952025E7	3762.4365539803707
7.87737585E7	4139.103651648982
7.97523145E7	2723.991538030092
8.07308705E7	4237.084415341441
8.17094265E7	7302.931501685293
8.26879825E7	3566.7514553464835
8.36665385E7	3265.3067854831484
8.46450945E7	5961.892478395391
8.56236505E7	2153.4090063352546
8.66022065E7	7014.755171363647
8.75377665E7	3044.3125322539026
8.80270445E7	4292.959704157102
8.85593185E7	4677.089180503482
8.95378745E7	23374.040201005024
9.05164305E7	2087.0963711141867
9.14949865E7	3513.090052986136
9.24735425E7	1612.2421443390751
9.34520985E7	3228.801604066275
9.44306545E7	1446.9841279858636
9.54092105E7	7096.253077178975
9.63877665E7	4617.794773997915
9.73663225E7	2420.9325831096426
9.83448785E7	3727.197473999744
9.93234345E7	3607.89852398524
1.003019905E8	5033.907671650622
1.012805465E8	1807.715083580385
1.022591025E8	1558.2593464509732
1.032376585E8	3612.782921031596
1.042162145E8	3447.192445703494
1.051947705E8	5433.870884466204
1.061733265E8	1189.7154325348404
1.071518825E8	2091.2932489451478
1.081304385E8	1398.7503177114402
1.091089945E8	1866.982035649895
1.100875505E8	890.9766495356479
1.110661065E8	2166.3753435257076
1.120446625E8	1754.7049280894282
1.130232185E8	4280.2524103619835
1.140017745E8	1410.8698291244282
1.149803305E8	1789.2126695563131
1.159588865E8	3304.974253280734
1.169374425E8	1262.4111455657824
1.179159985E8	12655.25942010621
1.188945545E8	3472.039022418158
1.198731105E8	8513.34666989637
1.208516665E8	2296.5768656342407
1.218302225E8	2353.784502097494
1.228087785E8	2773.3192946797417
1.237873345E8	3683.60215444546
1.247658905E8	10274.442819247837
1.257444465E8	2812.282298247431
1.267230025E8	4465.38534166005
1.277015585E8	2693.343641970703
1.286801145E8	1205.707310764615
1.296586705E8	1081.1334346879237
1.306372265E8	1512.8114235964392
1.316157825E8	1512.6702168309325
1.325943385E8	2165.602808896661
1.335728945E8	1855.2017409654445
1.345514505E8	1580.0763143200068
1.355300065E8	5652.392785814941
1.365085625E8	4444.230837755635
1.374871185E8	3759.05661792276
1.384656745E8	2418.6288293167254
1.394442305E8	2004.524197015614
1.404227865E8	1598.1639161462979
1.414013425E8	1890.4168063524296
1.423798985E8	3542.2233849119707
1.433584545E8	2833.8450459085866
1.443370105E8	2023.8801607933358
1.453155665E8	1521.1853140357691
1.462941225E8	2390.61082284457
1.472726785E8	2702.6364415556586
1.482512345E8	2220.1860149513905
1.492297905E8	2749.5836935716284
1.502083465E8	1593.4537394144854
1.511869025E8	3656.5078620732347
1.521654585E8	2163.255170648234
1.531440145E8	3043.939287438156
1.541225705E8	2923.5075091917493
1.551011265E8	7445.69098583057
1.560796825E8	3393.734777603216
1.570582385E8	3420.2215057882195
1.580367945E8	3270.616640870232
1.590153505E8	2489.6857097694697
1.599939065E8	2120.5658990628535
1.609724625E8	5045.367350672746
1.619510185E8	6105.199823494952
1.629295745E8	2505.051729796017
1.639081305E8	2258.6507308958744
1.648866865E8	1939.6347733794566
1.658652425E8	1777.5687868643392
1.668437985E8	6920.149773065245
1.678223545E8	2774.53766798726
1.688009105E8	9001.03342941639
1.697794665E8	8910.635461406164
1.707580225E8	63060.76126537063
1.717365785E8	60761.00985779527
1.727151345E8	7698.197707515369
1.736936905E8	3572.704130739093
1.744297225E8	12063.456506788925
1.749190005E8	139400.30495195684
1.756508025E8	50907.342013778965
1.766293585E8	58871.28721655646
1.776079145E8	15589.458748902896
1.785864705E8	9093.971451140598
1.795650265E8	2940.247419511941
1.805435825E8	16284.209297620975
1.815221385E8	2982.340319864285
1.825006945E8	5634.131393043253
1.834792505E8	3542.776900746926
1.844578065E8	1479.3219956387863
1.854363625E8	49332.20865379191
1.864149185E8	2299.2308408790796
1.873934745E8	2930.6500351370346
1.883720305E8	10033.874833395988
1.893505865E8	4694.7000276366825
1.903291425E8	2314.328970128401
1.913076985E8	2502.7448183593538
1.922862545E8	1311.8198486863305
1.932648105E8	2278.0652192458624
1.942433665E8	1629.3937000717049
1.952219225E8	1831.2556733257604
1.962004785E8	2861.034470977802
1.971790345E8	1135.8253665474
1.981575905E8	1425.3927341580904
1.991361465E8	2706.1984621936936
2.001147025E8	4219.424059874527
2.010932585E8	4616.377096835684
2.020718145E8	9669.416593326783
2.030503705E8	2361.5204442697072
2.040289265E8	1184.9323757783236
2.050074825E8	11215.19952546353
2.059860385E8	5906.122139485083
2.069645945E8	1624.7274644497254
2.079431505E8	1253.2533785602757
2.089217065E8	2996.3339186420835
2.099002625E8	16376.152553877482
2.108788185E8	3611.5447161831844
2.118573745E8	2397.0691960661106
2.128359305E8	4241.871212415886
2.138144865E8	2777.92043365093
2.147930425E8	2534.3066772910697
2.157715985E8	1928.2923889240042
2.167501545E8	2646.5575270591717
2.177287105E8	3158.090759206709
2.187072665E8	1867.6290585797099
2.196858225E8	1900.947420514685
2.206643785E8	19499.4760269299
2.216429345E8	3400.5689083074335
2.226214905E8	2448.072464548233
2.236000465E8	1779.7859398962974
2.242797555E8	6097.98854171071
2.247690335E8	22085.624967102376
2.255571585E8	2264.861694854557
2.265357145E8	1259.4095509746135
2.275142705E8	118475.78199099384
2.284928265E8	3802.6681481481482
2.294713825E8	1490.9652732406198
2.304499385E8	5222.163244533362
2.314284945E8	3704.5891034654815
2.324070505E8	1643.1497929448915
2.333856065E8	2946.7072821374686
2.343641625E8	5445.001542608956
2.353427185E8	1840.9519076521078
2.363212745E8	2934.8773588262507
2.372998305E8	1211.2022046261495
2.382783865E8	2355.1127406049495
2.392569425E8	2642.89100535851
2.402354985E8	1838.9344497134953
2.412140545E8	2216.9790036078307
2.421926105E8	2084.893177310591
2.431711665E8	29915.385117246595
2.441497225E8	2043.8877615983745
2.451282785E8	1985.8343702781974
2.461068345E8	1308.4031571654791
2.470853905E8	1345.798017428488
2.480639465E8	2481.2815061796487
2.490425025E8	2307.626609865294
2.500210585E8	3284.8336540170467
2.509996145E8	1540.3101137573867
2.519781705E8	2934.5097649159998
2.529567265E8	2949.6921804142667
2.539352825E8	2588.835096358729
2.549138385E8	5415.145543852542
2.558923945E8	1978.5451992473813
2.568709505E8	3048.240725697265
2.578495065E8	2309.7033144342604
2.588280625E8	2657.6313452111117
2.598066185E8	1495.4969867403495
2.607851745E8	1265.9166588769824
2.617637305E8	3089.5841543344736
2.627422865E8	1647.698761737898
2.637208425E8	1845.4565372829418
2.646993985E8	3617.9293010528077
2.656779545E8	2417.3585835948006
2.666565105E8	4819.272176662915
2.676350665E8	11864.050855216614
2.686136225E8	2506.1115396885243
2.695921785E8	1559.1708637316563
2.70511608E8	2933.291568804867
2.71000886E8	30419.632218844985
2.715492905E8	23159.16897691093
2.725278465E8	90388.71387367092
2.735064025E8	7190.407171853856
2.744849585E8	2069.440634587305
2.754635145E8	5231.437740355067
2.764420705E8	10952.99535822219
2.774206265E8	1397.0386599615922
2.783991825E8	2741.3967113276494
2.793777385E8	1650.2536455681882
2.803562945E8	1663.3036651062127
2.813348505E8	1828.6702558341635
2.823134065E8	2875.0039811862525
2.832919625E8	1651.937431017274
2.842705185E8	2859.8702864923443
2.852490745E8	4824.796234958065
2.862276305E8	2513.8564499147697
2.872061865E8	3042.7759868725766
2.881847425E8	7156.585726936819
2.891632985E8	3376.6254808735625
2.901418545E8	2471.840655512487
2.911204105E8	1539.282260950965
2.920989665E8	2818.9770412446137
2.930775225E8	2390.193776761386
2.940560785E8	1303.0846634612114
2.950346345E8	2781.1732204047325
2.960131905E8	5393.760342308841
2.969917465E8	1996.412083089526
2.979703025E8	2446.4526961087518
2.989488585E8	2692.233712704661
2.999274145E8	1726.0557676906355
3.009059705E8	1357.016504536015
3.018845265E8	2385.9562303802145
3.028630825E8	3613.240550390642
3.038416385E8	2231.1031328919526
3.048201945E8	1933.7427273828266
3.057987505E8	2408.3200452886304
3.067773065E8	5335.890316179734
3.077558625E8	3070.0883963685815
3.087344185E8	42395.28786196061
3.097129745E8	16079.186414002754
3.106915305E8	58593.01463666461
3.116700865E8	8902.862357405374
3.126486425E8	2420.250425705563
3.136271985E8	3256.5655368473094
3.146057545E8	8770.82560456205
3.155843105E8	6780.467515364355
3.16365796E8	3685.5840727203554
3.16855074E8	35906.54559585492
3.175414225E8	17771.23309741551
3.185199785E8	4870.948631659153
3.194985345E8	2935.4643512514986
3.204770905E8	1912.56376941697
3.214556465E8	13603.156684122641
3.224342025E8	1835.474380179309
3.234127585E8	4569.671371133851
3.243913145E8	3030.6139305117163
3.253698705E8	5005.9987344117435
3.263484265E8	3600.561869665357
3.273269825E8	2906.505557119422
3.283055385E8	3035.5990804410626
3.292840945E8	3402.7039716312056
3.302626505E8	2415.908057678574
3.312412065E8	2690.0487012987014
3.322197625E8	1231.6888729781626
3.331983185E8	2482.685146304809
3.341768745E8	2826.3862977398067
3.351554305E8	2312.218510066089
3.361339865E8	2635.657913849236
3.371125425E8	4586.524177828868
3.380910985E8	7175.155216763912
3.390696545E8	1170.7193553584636
3.400482105E8	11824.971915521295
3.40945784E8	2278.9546874810035
3.41435062E8	1740.8541598389438
3.420053225E8	92923.58950438087
3.429838785E8	78164.11533755387
3.439624345E8	61924.95011988788
3.449409905E8	25722.461952452264
3.459195465E8	4441.164957981888
3.468981025E8	3252.2330965442866
3.478766585E8	2276.268385690939
3.488552145E8	16014.79782307197
3.498337705E8	2444.486767449709
3.508123265E8	5052.9271844265295
3.517908825E8	1831.474780506878
3.527694385E8	2791.327268826432
3.537479945E8	4975.598582742809
3.547265505E8	3684.973885912757
3.557051065E8	1961.8352453243604
3.566836625E8	2771.5372686036535
3.576622185E8	48916.15899922105
3.586407745E8	9804.118368395435
3.596193305E8	2270.8515898133633
3.605978865E8	16698.173729489765
3.615764425E8	4844.895964909245
3.625549985E8	8902.427412163368
3.635335545E8	3178.213207857319
3.645121105E8	2806.100815707104
3.65242163E8	2542.5635884287926
3.65731441E8	37052.61675058332
3.664692225E8	3641.5344289577697
3.674477785E8	3261.73774846243
3.684263345E8	4146.379021170043
3.694048905E8	2240.2439104404166
3.703834465E8	2917.5952395634213
3.713620025E8	15704.298734363143
3.723405585E8	6600.654700384354
3.733191145E8	1883.5296178397589
3.742976705E8	5454.2313568074205
3.752762265E8	4079.7143246727487
3.762547825E8	3102.850791717418
3.772333385E8	3719.4439713607862
3.782118945E8	4520.284620953563
3.791904505E8	6461.156536811298
3.801690065E8	4093.6540482360683
3.811475625E8	8906.716537782233
3.821261185E8	8042.703547094875
3.831046745E8	3685.2748828169656
3.840832305E8	3779.520540154051
3.849989605E8	50970.73665034726
3.854882385E8	924.625
3.860403425E8	5542.7916243081445
3.870188985E8	7316.12644721907
3.879974545E8	3839.38234148874
3.889760105E8	1029.3150809947524
3.899545665E8	2766.104
3.909196135E8	3645.94936340409
3.91408841E8	279.2809297168952
