# Position (bp)	A	C	G	T	N
0.0	31.749105079687418	21.298476468283408	21.803479290491303	25.090400563859617	0.05853859767825541
1.0	26.970213319639807	21.685118807794606	21.068683822781644	30.27598301185036	1.0379335871551485E-6
2.0	28.950760265160643	19.32909584421203	20.17580748471991	31.54423210920117	1.0429670624392782E-4
3.0	29.871742357074222	18.924450239690536	20.136382579685836	31.06704727935412	3.775441952873964E-4
4.0	29.778230086399997	19.42269674805931	20.16842445076926	30.630613679069484	3.503570194703803E-5
5.0	29.685919302327633	19.52919732898966	20.433974681771463	30.350903539368833	5.147542412429314E-6
6.0	29.955539806938418	19.63521089831728	20.25257835359499	30.156515662471744	1.5527867756286968E-4
7.0	30.410582820412067	19.43935172942231	19.810598066187094	30.330873395265545	0.008593988712988379
8.0	30.102017863669538	19.461925064948804	20.059409812811833	30.376247805846752	3.9945272307075346E-4
9.0	30.197138930414464	19.235271301942223	20.265717310384165	30.301803697435346	6.875982380325938E-5
10.0	30.423701761501054	19.13523348416555	19.93858688650867	30.501925049458084	5.52818366641219E-4
11.0	30.264398158958173	19.345006553131316	20.03545950166479	30.278060297627015	0.07707548861870868
12.0	30.092584146447283	19.3569856531402	20.068277841750742	30.25699136282885	0.22516099583292665
13.0	30.436357220086467	19.521917164744803	19.93685494511238	30.10433542735551	5.352427008354794E-4
14.0	29.85981803383017	19.61280125919963	20.590330457753097	29.937039106789804	1.1142427296953396E-5
15.0	29.9566616732106	19.572654360885878	19.95090142493664	30.38935199563944	0.13043054532744444
16.0	29.901512657571928	20.227768461374616	19.794836794975687	30.0749521697006	9.299163771687052E-4
17.0	29.813914435555173	19.735700153670027	20.066955807616278	30.38336398139096	6.562176756006698E-5
18.0	30.092044253619566	20.17654383674893	20.002094138876735	29.729304655904876	1.3114849888033483E-5
19.0	29.952899925600356	19.940131367194976	20.07473988840992	29.957201928503395	0.0750268902913526
20.0	30.12032116619558	19.57565400631038	19.844144825637542	30.45897090210563	9.09099750869377E-4
21.0	30.10595742373016	19.05611540439624	20.27477705450958	30.563150117364017	0.0
22.0	30.393573984793353	20.054125636384395	19.530294687298902	30.021976486354994	2.920516835203483E-5
23.0	30.28085897206706	19.729042521680366	20.100607911162182	29.8894865698884	4.0252019909252825E-6
24.0	30.017080672645214	19.488946089362102	19.878939256409005	30.614955518205644	7.846337803311505E-5
25.0	30.236148727795744	19.869259107826583	19.559727387796624	30.333973812100233	8.909644808160413E-4
26.0	30.79280617279401	19.6843435310596	19.777399499684567	29.663437376965046	0.08201341949678104
27.0	30.004577047681142	19.494567111231706	20.18386677369391	30.31622831976022	7.607476330272003E-4
28.0	30.04032472771611	20.26974871224777	19.793098442954776	29.81647282819392	0.08035528888742073
29.0	29.93787200129301	19.639141231774058	20.432426603727187	29.876933800073562	0.11362636313217934
30.0	30.252503577205893	19.436687359289397	20.51240812808173	29.797899879082756	5.010563402308709E-4
31.0	30.891745884364287	19.736545988253408	19.586538801504936	29.785144228976733	2.509690063918192E-5
32.0	30.945854339867463	19.682896199071827	19.746879918029542	29.62123117734569	0.0031383656854809395
33.0	30.556230097317936	19.587058226194078	19.726867228678106	30.127260669396883	0.002583778412995938
34.0	30.406156488535412	19.63493988958124	19.514566469851665	30.444337152031682	0.0
35.0	30.634596975171142	19.775085283796358	19.67246400675625	29.917853734276257	0.0
36.0	30.61145883244412	19.755349084716155	20.04009146947524	29.592777739813954	3.22873550534649E-4
37.0	30.336826248556758	20.408340338425027	19.527235608030264	29.727597804987955	0.0
38.0	30.23547998482573	20.354281931372125	19.800488136062917	29.60974994773923	0.0
39.0	30.402600069832626	19.86576810889689	20.12849929017926	29.60306338392254	6.914716868499903E-5
40.0	30.140218580608146	19.703032916504274	20.27393023770821	29.882815259301733	3.005877633006027E-6
41.0	30.645758993672818	19.708542331071293	19.834028881852532	29.81069704497561	9.727484277515248E-4
42.0	30.109265530960034	20.219909724636462	20.12032227773511	29.550490446941136	1.2019727257163546E-5
43.0	30.679942389702052	19.823278396996574	19.61004554106732	29.88672365702305	1.0015211002318211E-5
44.0	30.807202210263384	19.980738564582946	19.542352796763506	29.669706428390164	0.0
45.0	30.67820341720879	19.638824489918196	19.683597097040877	29.99936998939055	5.0064415881337886E-6
46.0	30.01656146926024	19.72705398707383	19.644567523807492	30.610825836693	9.911831654327455E-4
47.0	30.140877901517204	20.258122964741887	19.693491305658554	29.907507828082352	0.0
48.0	30.085203255209837	19.666326666765237	20.9023659382304	29.34587289728357	2.3124251095851751E-4
49.0	29.88610155757011	20.452322874587086	19.982586657624758	29.67848139894611	5.075112719304555E-4
50.0	30.16746771737165	19.91080824475304	19.83303677220522	30.013240048672834	0.07544721699726283
51.0	29.91479146180773	20.454702580885513	19.832829603773398	29.79764232124659	3.403228677078231E-5
52.0	30.18127146409359	20.435408614362828	19.460760170113424	29.922541734248615	1.8017181544664624E-5
53.0	30.74937180497367	19.685883468821668	19.812784669639083	29.751959055617483	1.000948098038462E-6
54.0	30.308456252940797	20.087522465372658	19.786891457056583	29.817083780825726	4.604380423359567E-5
55.0	30.21364895057952	20.161248895277843	19.586851431050864	30.037336836146217	9.138869455584033E-4
56.0	30.64060487478462	19.905664842220713	19.72529065996212	29.728439623032543	0.0
57.0	30.390566100896248	19.945502399870072	19.962633317439376	29.70122110117414	7.70806201622401E-5
58.0	29.996492966250987	20.269828165357243	19.7773177726964	29.955585247569232	7.758481261375686E-4
59.0	30.137244517795047	19.6814808453384	19.836824494054394	30.22383165235268	0.12061849045947677
60.0	30.713675324880903	19.720927810031995	20.08662536239873	29.438986377208987	0.039785125479388186
61.0	30.94477928389499	19.535266331322777	19.84271184968911	29.677228516648498	1.4018444628335286E-5
62.0	30.2324699678724	19.809723922135078	20.409565337039393	29.54712919517964	0.001111577773491694
63.0	30.703732865563687	19.69307504406573	19.912057629058168	29.69108738896033	4.707235208805342E-5
64.0	30.772483964907053	19.814648009039583	19.599030449681152	29.81376746107532	7.011529689305798E-5
65.0	30.45386665870587	20.148301249548073	19.444387732664254	29.952318360321406	0.0011259987603995853
66.0	30.041013854582154	19.696471987335133	20.557612245311812	29.704590316725053	3.115960458441744E-4
67.0	29.950443479218432	19.546155491812343	20.49681661435788	30.006512264330247	7.215028109899829E-5
68.0	29.796445884208683	20.18296679809817	20.013273139770753	30.006134552630915	0.001179625291474936
69.0	29.664358621058824	20.208281949083194	20.379257992799747	29.747578176025314	5.232610329263007E-4
70.0	30.388133253695937	19.816399041475666	19.74421323684282	30.051123122627406	1.3134535817132208E-4
71.0	29.873709544286854	19.96951772911324	19.80693451956773	30.31081350331366	0.03902470371852055
72.0	30.052677266449862	19.76244028640758	20.32244048461324	29.861179103598655	0.0012628589306630164
73.0	30.091995549892168	20.134709220709908	19.96721664938706	29.805767552047897	3.110279629690107E-4
74.0	30.613760004419166	19.577725799322305	20.096114644911427	29.710533810762197	0.001865740584899938
75.0	30.15298476296337	19.946250333300135	20.11941380938766	29.7813069220415	4.417230733645806E-5
76.0	30.15890352180518	20.087098227361615	19.834859783014824	29.919121396114317	1.707170405923849E-5
77.0	30.580076478471597	19.800009951003116	19.755370068473567	29.75229184731071	0.1122516547410166
78.0	30.25504123551448	20.221044272343658	19.76142897341479	29.7624262299945	5.928873257029337E-5
79.0	29.988865596589388	20.51962352022767	19.736009257354564	29.75443604610128	0.0010655797270923656
80.0	30.498081675752342	19.83880933475154	19.94602969838846	29.716978727077198	1.0056403046072416E-4
81.0	30.15070821853505	20.61058449026665	19.778764147315638	29.45919766074837	7.454831342891688E-4
82.0	29.912923869823306	20.50008907728683	19.838254045322117	29.748472332834254	2.606747334995888E-4
83.0	29.93893410364225	20.326890704245727	19.713840233722024	30.0202755483227	5.9410067295696436E-5
84.0	30.362400850552163	19.654438803980135	19.801688813339418	30.18082071448977	6.508176385200867E-4
85.0	29.914098525940926	20.35178310085708	19.71119004385016	30.021958596752572	9.697325992598682E-4
86.0	30.340597207139393	19.798839464812744	20.193932140372507	29.66599678175661	6.344059187470045E-4
87.0	30.131062070072957	19.934972842580823	20.222592806678254	29.70954871396566	0.0018235667023057732
88.0	30.622284883732615	19.784790248288814	19.520046073760856	30.072852538830787	2.625538693639189E-5
89.0	30.34751122826912	19.80991745642051	20.034338339247874	29.807119420360912	0.001113555701582027
90.0	30.146558623742724	19.8416464812011	19.77493783084226	30.234081497396154	0.0027755668177619854
91.0	30.070549128414765	20.26157806585685	19.78089949814953	29.886944977196165	2.83303826902495E-5
92.0	30.01922376164512	19.666441976329388	20.499406507266	29.814633104359256	2.9465040023649795E-4
93.0	30.446725839602763	19.696205567416754	20.288871885625852	29.567464097320524	7.326100341006159E-4
94.0	30.047790179619632	19.728054718888487	20.39696002568878	29.748024175934074	0.07917089986903063
95.0	30.645231427311455	19.90753537643479	19.5729288168499	29.872474824198473	0.001829555205381532
96.0	30.987374648364153	19.440052339504113	19.84981363710401	29.722587641491792	1.7173353592877443E-4
97.0	30.463792137664836	19.91743280664365	19.674369042181137	29.870151333218924	0.07425468029145603
98.0	29.954173638966463	19.795109616656408	20.34250119117226	29.90802010384021	1.9544936465824733E-4
99.0	30.370043253227262	19.672017721707075	20.1107445714618	29.664424881806855	0.18276957179700323
100.0	29.922593594394307	19.891894135408027	20.158593135901192	30.026043143223212	8.759910732532493E-4
101.0	29.80794887687288	20.451509747123726	19.851266988335553	29.88903859645885	2.3579120898716867E-4
102.0	30.262504002309704	19.685870481349557	19.98963984858177	30.060285372664787	0.0017002950941837288
103.0	30.513798843726704	19.9058525339951	19.99831024608241	29.5818879985315	1.5037766429708635E-4
104.0	30.157053647048805	19.981819850367543	19.62601850370595	30.235020949795405	8.704908229733916E-5
105.0	29.824701271041192	20.513135756180002	19.768538723555384	29.890686491360828	0.0029377578625936103
106.0	30.597840896793176	19.758963937666067	19.589521505092605	30.052692081885006	9.815785631455856E-4
107.0	30.540155802366208	19.798059691233018	19.52127171463883	30.140398689692958	1.1410206898814625E-4
108.0	29.814685553703885	19.81708126816884	20.044679802075148	30.32096636253685	0.0025870135152727593
109.0	29.925747637856105	20.171761228688776	19.798006428163912	30.10378419575912	7.005095320907434E-4
110.0	29.908355487891914	19.72838958299922	19.859268026524763	30.503638283964246	3.486186198628223E-4
111.0	29.665803936266137	20.07354410785756	20.311983127420348	29.946077043863777	0.002591784592177222
112.0	29.573713985540035	19.88825784247547	19.87702021216522	30.660897341011257	1.1061880802176169E-4
113.0	29.80546022830403	20.4117017324847	19.785407279310743	29.9568913763956	0.0405393835049279
114.0	30.22561191009872	19.71808441936873	20.065486341705448	29.984395148496155	0.006422180330947793
115.0	30.42539762015486	19.82072852200697	19.72287104015871	30.030509882550266	4.929351291973634E-4
116.0	29.726802736678522	19.852481875458086	19.76771255875252	30.652745143189257	2.57685921613335E-4
117.0	29.859316230873972	20.432041016788226	19.6642351080643	30.007356277229118	0.03705136704437948
118.0	30.027256505713613	20.463075048519563	19.496822716951602	30.007765026224792	0.005080702590432209
119.0	30.072278555078967	19.847635397273674	19.58414608356007	30.495754289964104	1.8567412317950955E-4
120.0	29.971257088729974	19.82557604079471	20.42052958713204	29.77743794812273	0.005199335220541237
121.0	30.103096501003662	19.63679386316072	19.7924559096441	30.464438295070572	0.0032154311209422167
122.0	29.758457541184	20.399143057461366	19.957147629520485	29.88141034867653	0.003841423157615228
123.0	30.018591544928157	20.0013023808863	19.681372379604507	30.268469463790314	0.030264230790717057
124.0	29.810546089392236	19.964221646180423	20.043809264767972	30.15173217253746	0.029690827121910266
125.0	30.185413184697186	19.925241819400046	19.69190232500906	30.128555454251654	0.06888721664205624
126.0	30.08575342452121	20.072357836408457	19.798540755259797	30.01076286186236	0.032585121948169996
127.0	29.95610310413756	20.162222536275014	19.251572416347063	30.599143694893133	0.03095824834722943
128.0	30.113162274502788	20.38821305161574	19.30901018818236	30.1603495157322	0.029264969966917517
129.0	30.34644781305726	20.118587910734227	19.648822140850463	29.88449079545586	0.001651339902197479
130.0	30.129608803900737	19.920843485173233	19.8104345846097	30.13759051681724	0.0015226094990907764
131.0	29.891013622811503	20.252487195599773	19.82443857596929	30.030623953717694	0.0014366519017418049
132.0	29.888748123429153	20.212405206509132	19.90766859788229	29.985400142480923	0.0057779296985051905
133.0	29.974035363966433	20.17137561529102	19.6847953180613	30.169018328820652	7.753738605899861E-4
134.0	30.45443564004569	20.134325353681646	19.548365993171785	29.86270666445169	1.6634864918940503E-4
135.0	30.26373532047423	19.901216635094556	20.20039891544393	29.587350660830765	0.04729846815652036
136.0	29.91589377056552	20.03738979474474	19.940671846692005	30.101322895452558	0.004721692545173886
137.0	29.69549132610411	20.12685650326693	19.585679998223554	30.585770568953784	0.006201603451619056
138.0	28.746354037309136	20.854392057510534	19.037318327377665	31.361845898633035	8.967916963187104E-5
139.0	31.411031337777306	21.24717259701842	15.3493308986962	31.991439414659013	0.0010257518490659884
140.0	36.72483648105306	25.363966694723334	0.0	37.9111968242236	0.0
